22	35.60992943	139.8256588
584	35.676202	139.6993697
232	35.62057677	139.5699236
688	35.66750364	139.4789672
36	35.66051289	139.7292119
856	35.65250591	139.5446062
1468	35.64671982	139.7456941
652	35.53654796	139.7041386
71	35.69834235	139.7688657
947	35.57629697	139.6556497
1303	35.56351205	139.6788883
948	35.68100399	139.7638392
193	35.65916174	139.5436406
18	35.69980392	139.7718
499	35.66225192	139.774906
408	35.68997971	139.6973741
582	35.79220981	139.7177321
819	35.6969156	139.7754693
769	35.69001021	139.7058928
121	35.5613563	139.5750868
15	35.72935203	139.7181773
1465	35.62536139	139.7238958
889	35.68810445	139.6934552
1066	35.68800165	139.6989834
1014	35.64374621	139.6697262
94	35.70036154	139.7504282
63	35.68279486	139.6868733
1255	35.65556855	139.5437077
341	35.66184659	139.6998096
234	35.71389464	139.7613021
991	35.68333952	139.7605562
1016	35.69236726	139.7047046
491	35.710036	139.810697
1010	35.6656039	139.7313015
702	35.63005853	139.6223259
1406	35.68940896	139.698801
29	35.6785856	139.7536629
1011	35.69319069	139.6931684
1339	35.65605946	139.7043103
1026	35.62656595	139.7413945
1166	35.68814759	139.7002291
65	35.74800996	139.8066044
72	35.65730279	139.5435709
151	35.65285462	139.5437479
1181	35.71322476	139.7047019
1569	35.64855224	139.823572
1065	35.5222417	139.7323072
257	35.69642331	139.8141789
1183	35.65436596	139.7568842
531	35.67125155	139.7470593
6	35.71406103	139.7740746
104	35.53376287	139.7294641
438	35.66303643	139.7612911
483	35.7509269	139.8046625
475	35.69157432	139.7037551
138	35.6577757	139.5444077
1497	35.69727283	139.7717947
945	35.69617281	139.7708881
501	35.770128	139.660808
1198	35.69275065	139.7035351
1381	35.69760611	139.7687235
89	35.75044801	139.7388732
963	35.73090667	139.7089934
1123	35.73134866	139.7074887
45	35.69901542	139.7746217
1209	35.62510522	139.7792673
985	35.60296284	139.507418
182	35.69710947	139.7709739
164	35.6996166	139.7713923
208	35.70150071	139.7711965
539	35.66555989	139.7505462
767	35.68586669	139.7603953
716	35.69172028	139.7023442
1259	35.68022262	139.7683304
1129	35.701071	139.752745
1074	35.69724422	139.7574838
397	35.67112081	139.6482897
165	35.69888255	139.7704133
28	35.70179	139.769787
112	35.69898492	139.7710598
117	35.66492359	139.7278011
264	35.70037134	139.7705434
962	35.69690907	139.7935098
148	35.68315215	139.7689945
11	35.65981771	139.7003755
1164	35.70532593	139.7722933
87	35.6921821	139.7029531
347	35.70195141	139.7705518
197	35.69330396	139.7008181
1174	35.7168263	139.7733475
85	35.69320376	139.7498274
1007	35.728228	139.714008
3	35.70073836	139.7718832
46	35.69024113	139.6967947
427	35.69735561	139.7751474
407	35.66903115	139.7054851
126	35.65992013	139.7019446
1475	35.670136	139.7640117
489	35.7099645	139.7745815
371	35.72980928	139.7164232
535	35.70818882	139.7521287
1456	35.6604388	139.7292253
1500	35.66357687	139.7117561
27	35.66050418	139.6849823
157	35.69943363	139.7716391
154	35.62666624	139.7403699
1379	35.79807517	139.7717497
37	35.66036471	139.7289705
1160	35.66028655	139.6976912
417	35.6987671	139.770121
219	35.64922791	139.7428858
1512	35.57887343	139.7843218
395	35.69375052	139.701722
64	35.69747051	139.7615211
512	35.655778	139.542098
150	35.70048787	139.7717839
125	35.67664648	139.7636515
662	35.66582255	139.699679
1185	35.57778913	139.5585537
109	35.69967759	139.7694156
110	35.71283275	139.705013
1604	35.57876644	139.7493553
1158	35.69126935	139.7077221
450	35.70925232	139.6656811
1552	35.65806773	139.7001126
1293	35.69939225	139.7711161
40	35.71259319	139.7042996
34	35.65739485	139.7066817
174	35.69981917	139.7717759
630	35.69849265	139.7721916
133	35.70033975	139.771159
1543	35.59837995	139.6510792
676	35.68261621	139.7643328
202	35.70180459	139.7717849
279	35.70054886	139.7711992
1344	35.64449158	139.6697232
1200	35.66151535	139.7294641
428	35.66111437	139.6996593
579	35.66722908	139.4774276
134	35.65513431	139.7930002
764	35.68525669	139.7094655
778	35.72899494	139.713462
1330	35.73078316	139.7154323
403	35.66188146	139.7010568
587	35.67070245	139.6966338
737	35.7002156	139.7740048
758	35.66491487	139.6960759
398	35.69638955	139.7564766
278	35.70098667	139.7710463
103	35.69191851	139.7056863
226	35.70010451	139.7739673
442	35.67985363	139.768796
846	35.65037435	139.695915
1064	35.65907893	139.6988708
1081	35.65957252	139.7285938
476	35.65584915	139.7011614
1191	35.69515366	139.7485156
1034	35.70217375	139.7713709
115	35.6754394	139.7628951
196	35.6990372	139.7708626
620	35.69953818	139.7695363
1405	35.58831205	139.7303224
575	35.6958025	139.7019553
184	35.53294217	139.6957648
212	35.53291597	139.697063
413	35.70205178	139.7711349
1122	35.70065341	139.7707728
811	35.7760289	139.722204
1568	35.78969036	139.7239923
410	35.67226694	139.7657758
58	35.63173282	139.7976351
1059	35.67254148	139.735263
1460	35.68672504	139.7742248
712	35.69927353	139.7752011
1423	35.53297709	139.6947026
369	35.68957452	139.6969047
1023	35.69737086	139.7724438
173	35.68987515	139.7022665
227	35.70042688	139.7717518
1022	35.70081185	139.7719447
99	35.69988237	139.7724139
1088	35.71472744	139.7967339
1156	35.66566449	139.7307301
1435	35.66490615	139.6960759
1077	35.72768541	139.7663037
1140	35.69160046	139.7046912
657	35.53095149	139.6976745
1058	35.69956432	139.7709954
1173	35.65699986	139.7586465
73	35.68164016	139.7689891
1386	35.702848	139.7718969
181	35.69950769	139.7704536
187	35.68700825	139.7023308
277	35.69001963	139.6991993
862	35.66202093	139.6979642
4	35.71109047	139.7963583
251	35.7284129	139.7120427
1574	35.71230136	139.8039865
418	35.69781304	139.7752011
460	35.67816836	139.7681871
129	35.69889344	139.7710168
370	35.67458148	139.7171292
21	35.6563722	139.6994233
54	35.69940749	139.7711241
79	35.69046768	139.7545803
544	35.67352199	139.7627342
1099	35.71006686	139.7989601
82	35.69148283	139.7531426
611	35.69167889	139.7046643
84	35.69139134	139.7499561
437	35.64299847	139.8603344
160	35.527089	139.6944105
928	35.698025	139.772411
1388	35.85869178	139.6591151
353	35.65584915	139.5429218
260	35.69268748	139.7036612
175	35.59900806	139.6120128
484	35.65869973	139.7007859
763	35.61223215	139.6277654
850	35.69053957	139.7027788
1048	35.59758923	139.7446183
373	35.6913652	139.7011185
664	35.53312552	139.6949708
180	35.61769212	139.7286916
699	35.72959521	139.7159578
704	35.66194683	139.6700451
19	35.65956273	139.729346
660	35.68340923	139.7434062
1257	35.690062	139.694569
136	35.61837241	139.7275758
558	35.729909	139.713527
246	35.69460661	139.7021645
494	35.65886536	139.7015476
703	35.67576623	139.7651267
105	35.62325637	139.571085
1469	35.67136586	139.4806214
339	35.65975015	139.7008878
646	35.70074054	139.7718751
414	35.66997902	139.7633994
49	35.70051401	139.771049
35	35.66578652	139.7309607
508	35.69793284	139.7751045
282	35.70470468	139.5815456
672	35.68770538	139.7021377
698	35.71114927	139.7744554
708	35.6670809	139.7573966
1335	35.69883571	139.7716056
799	35.70204089	139.7704589
249	35.69256767	139.6987045
106	35.68727403	139.7627074
171	35.70093221	139.7706521
1117	35.68994486	139.7015423
674	35.67530867	139.7633564
394	35.70163575	139.7713172
619	35.67180064	139.765234
250	35.52956759	139.6964246
1094	35.66179919	139.5839623
658	35.69353051	139.7051311
817	35.69533417	139.7026205
33	35.70320617	139.7545695
32	35.70558461	139.7519088
186	35.60624407	139.7349787
1104	35.66016312	139.6974733
281	35.69776076	139.7714674
724	35.66413038	139.5270109
83	35.69880631	139.7747827
694	35.67431511	139.7640002
1541	35.71087655	139.5728836
1188	35.69620222	139.702528
14	35.69884334	139.7747532
651	35.669273	139.703911
312	35.700226	139.771692
169	35.6983271	139.7716284
1244	35.64435862	139.6996325
1598	35.70059024	139.5781714
700	35.68990347	139.6984202
914	35.70043559	139.5049363
495	35.70833214	139.6662296
220	35.699756	139.5734024
550	35.68881913	139.6986784
485	35.5885544	139.7281586
416	35.7322283	139.7103372
431	35.73156422	139.7135907
1328	35.69897185	139.7751327
478	35.69901977	139.7746271
0	35.65104347	139.5443326
920	35.70096076	139.7709512
61	35.69877581	139.7709954
439	35.53049747	139.6983182
808	35.72378676	139.6828895
90	35.73099376	139.7137034
76	35.72947799	139.711997
909	35.67218849	139.7674938
206	35.69249469	139.7011285
818	35.69857106	139.7764429
742	35.661579	139.585705
1393	35.66297542	139.6971917
1042	35.65999641	139.6994609
542	35.69854453	139.7715914
882	35.73418131	139.7400266
399	35.62520987	139.7756195
559	35.65350519	139.5444359
1311	35.729603	139.715354
735	35.72985644	139.7150351
1348	35.68985118	139.6973446
303	35.65858641	139.7009575
236	35.70084933	139.7708713
1464	35.71676799	139.5185841
469	35.72983106	139.7147977
253	35.72934768	139.7181666
1019	35.67289447	139.7236343
268	35.69767363	139.7746432
868	35.70071004	139.7411478
1227	35.708426	139.4960951
701	35.52818367	139.6980286
803	35.71108551	139.7751248
406	35.691156	139.7021063
562	35.6598504	139.7020626
244	35.68994486	139.7015476
1324	35.82681696	139.6526778
118	35.67626736	139.7876519
140	35.72806302	139.7191966
256	35.729697	139.716091
252	35.689354	139.698007
290	35.55505929	139.6956669
304	35.56329209	139.71507
340	35.68980979	139.6979052
585	35.62640462	139.8877144
266	35.69114641	139.70152
718	35.68869659	139.698616
372	35.69374603	139.7012463
509	35.65173655	139.5462839
1545	35.69295651	139.7018795
880	35.52996923	139.6996593
78	35.56234446	139.7137883
647	35.65370897	139.5444185
338	35.66484514	139.7607815
642	35.69957086	139.7746593
656	35.73119843	139.7095942
829	35.68856588	139.6979052
297	35.69766928	139.7734952
9	35.65120693	139.5443219
288	35.69951858	139.7704482
941	35.62628253	139.7829366
1243	35.6653507	139.7292602
1318	35.70214777	139.77175
77	35.63745304	139.7561789
589	35.63519465	139.7675246
1376	35.69767799	139.7751179
590	35.62575056	139.6617758
1273	35.62558977	139.6636554
41	35.66515893	139.7697991
1020	35.70207356	139.7718805
687	35.68900376	139.697417
194	35.69917443	139.772559
1403	35.69081623	139.7027385
511	35.73263545	139.7679055
102	35.6565945	139.5440939
1126	35.6646403	139.7619134
320	35.6561717	139.5444292
536	35.70304064	139.5798665
741	35.68752238	139.7921848
592	35.85853526	139.6587771
283	35.67773588	139.7957683
472	35.69920492	139.7704268
1220	35.65334718	139.5431015
482	35.68492901	139.7648361
903	35.73010758	139.7176301
53	35.69949898	139.7711027
683	35.76439571	139.8526311
1542	35.69833581	139.7715211
147	35.70104548	139.7718
1506	35.70043559	139.7702444
100	35.66507177	139.7013116
325	35.77465904	139.7858441
809	35.70707219	139.6647035
316	35.70185132	139.77498
1426	35.69933888	139.7698903
396	35.70062945	139.7704831
684	35.69935739	139.7698098
919	35.70068555	139.770708
875	35.701297	139.76927
1505	35.70008922	139.7701575
1472	35.69839355	139.7738567
1421	35.70572836	139.5812452
514	35.64900559	139.8024309
1355	35.65991142	139.7009468
1431	35.73313786	139.7465122
48	35.70221514	139.7707245
979	35.7073379	139.7765502
805	35.7113579	139.775757
225	35.66047367	139.7003406
547	35.66730099	139.7569326
195	35.69825304	139.7731519
528	35.68861381	139.6983585
50	35.70127854	139.7710437
516	35.65359564	139.5439893
447	35.68993614	139.7063139
1135	35.68892093	139.697926
421	35.67143458	139.7657651
1587	35.68145082	139.686081
26	35.658861	139.6997881
1269	35.68869333	139.6984255
318	35.69218489	139.7700926
1184	35.69258728	139.6986803
1152	35.73026051	139.7135738
633	35.69325604	139.7014832
1496	35.69049818	139.704895
497	35.73092542	139.7160725
1294	35.76017335	139.6286881
1326	35.77783178	139.7208863
1369	35.6825552	139.7745681
749	35.69668688	139.7601351
517	35.68130029	139.7692358
505	35.73178195	139.7104579
146	35.69997164	139.7708103
1429	35.66512407	139.8352075
488	35.698357	139.772203
983	35.5611752	139.7137383
529	35.68989257	139.6916234
610	35.68741781	139.702127
519	35.65733684	139.7796887
1593	35.67440226	139.4731361
782	35.67226258	139.766618
271	35.658509	139.695591
457	35.60574112	139.7353127
255	35.69507281	139.7002441
1207	35.66690849	139.7405266
800	35.69770848	139.7716123
42	35.72875741	139.7112697
1272	35.572459	139.684498
1221	35.67490449	139.7635147
1247	35.75127084	139.7092456
1	35.68920776	139.6980922
2	35.65874332	139.6990424
1249	35.64326004	139.6986723
5	35.71206615	139.7964549
7	35.68402796	139.7744501
324	35.7752231	139.7859896
643	35.69168542	139.7011372
8	35.70883962	139.6648674
10	35.7845842	139.810793
12	35.69728373	139.7737715
13	35.69475909	139.6981949
404	35.55192096	139.5792818
815	35.55260181	139.5796144
137	35.69442363	139.7430789
16	35.6552411	139.6937585
17	35.65163193	139.5462558
20	35.65900484	139.6953303
23	35.6895059	139.6973781
24	35.65693906	139.7025179
25	35.70872818	139.664962
736	35.66559706	139.6984491
378	35.70236472	139.7705269
1358	35.701263	139.772092
172	35.65906803	139.700574
553	35.67995385	139.7202158
970	35.678439	139.762883
855	35.64434118	139.7556183
96	35.72978315	139.7106832
654	35.70072311	139.7724169
988	35.70402295	139.6652627
358	35.80072052	139.6192789
293	35.70077757	139.7706628
306	35.60728903	139.7354275
680	35.68409768	139.8819396
243	35.69374399	139.7015262
869	35.7098556	139.7737607
123	35.59997912	139.6123394
1300	35.66713335	139.7403869
1374	35.64367419	139.6692914
866	35.52780822	139.6972883
830	35.64705268	139.702422
1130	35.70256254	139.7737849
720	35.74079328	139.7081478
205	35.70074925	139.7719181
820	35.69439313	139.7020841
872	35.62868124	139.7393782
1229	35.69405549	139.7494814
727	35.69075524	139.74751
996	35.66251234	139.7341345
1228	35.63414063	139.7167142
1567	35.67007406	139.7021439
241	35.68919329	139.7024998
86	35.67178321	139.6887159
995	35.69975165	139.7467804
523	35.69309102	139.6995031
170	35.62520987	139.5689392
1314	35.692349	139.701094
1325	35.68855499	139.5150375
326	35.57898863	139.7052611
707	35.67713453	139.7183704
44	35.62986668	139.7942662
1285	35.66569936	139.7225869
1607	35.66808763	139.7673154
330	35.63281411	139.8803115
335	35.67639373	139.8084176
1404	35.63847143	139.7286162
1581	35.58046798	139.6435985
599	35.61068909	139.7484756
594	35.67189216	139.7996038
826	35.66017511	139.7009763
655	35.65495996	139.7483683
1132	35.61567231	139.7150351
1219	35.66744263	139.7888482
300	35.53137058	139.7002172
1063	35.69898928	139.8164642
1238	35.69775205	139.7724169
1321	35.66879424	139.8225436
533	35.70067084	139.7728515
114	35.65906803	139.7005793
864	35.66730317	139.7277743
1230	35.68394082	139.7011346
346	35.70464525	139.6197669
510	35.69901542	139.7746325
823	35.69932145	139.7700834
661	35.72859539	139.7197712
1035	35.68812097	139.700305
454	35.67804091	139.7149265
605	35.63078231	139.790597
323	35.73068893	139.712373
375	35.66203836	139.6989405
1032	35.62234065	139.6841884
440	35.66155021	139.6987501
1420	35.71739517	139.7713481
224	35.66582139	139.8038685
1430	35.61931161	139.7764617
1490	35.71414379	139.8033643
908	35.5862704	139.7329402
525	35.58532808	139.6688461
802	35.66355944	139.7290188
390	35.73022733	139.708972
1242	35.70027877	139.7714138
1333	35.72755	139.7130311
1457	35.73087618	139.7098035
1235	35.65571818	139.7391574
1133	35.66994852	139.7068691
1015	35.72929978	139.7124696
761	35.69924631	139.7721541
1175	35.67207083	139.8270428
1128	35.65556847	139.7366049
1565	35.58580306	139.6527153
1180	35.66941398	139.706198
618	35.70313647	139.7714943
75	35.699527	139.770389
567	35.72729221	139.7113591
1231	35.53095149	139.694767
1416	35.69304691	139.7479928
1037	35.53094713	139.6947214
831	35.68923904	139.6997881
1049	35.68038874	139.7683004
334	35.65815055	139.6985221
968	35.64203503	139.8034716
541	35.68084712	139.7688818
448	35.72840705	139.720645
765	35.69938571	139.7715747
1232	35.7035416	139.7513938
1291	35.61010388	139.6249437
360	35.65091923	139.5417845
1305	35.70117399	139.770982
1089	35.6922627	139.7052222
1559	35.70998866	139.6678075
1044	35.660132	139.699297
1274	35.65473984	139.7611436
723	35.62701943	139.6259522
1351	35.70133591	139.7709351
1153	35.69569051	139.6983504
382	35.64355648	139.6813345
322	35.75932885	139.8027635
759	35.67176578	139.7345978
1241	35.729729	139.7148488
915	35.67052333	139.7055447
940	35.69374617	139.7045141
1297	35.69931928	139.7702175
108	35.70773865	139.7682166
92	35.6943365	139.7887033
1573	35.58508789	139.650607
697	35.535961	139.6753381
1532	35.68850489	139.7072446
977	35.66166353	139.7005311
144	35.66724651	139.7089237
183	35.68241926	139.639653
233	35.69694174	139.7732806
56	35.69548665	139.7728072
1124	35.68365542	139.7850662
1031	35.66047367	139.7292602
240	35.64674753	139.5640898
367	35.72989885	139.7136287
481	35.67549605	139.7648478
286	35.69272016	139.7031489
287	35.70754555	139.6655204
1179	35.67286396	139.7360569
145	35.697973	139.7866304
974	35.67162633	139.4809628
1056	35.69974729	139.7655183
904	35.56912807	139.6953624
957	35.7007841	139.7664356
1217	35.57918242	139.7405915
851	35.69807878	139.7731063
1507	35.70154138	139.771056
649	35.66030005	139.7296303
177	35.80755323	139.7139797
130	35.70205613	139.767943
336	35.63019805	139.7948992
218	35.71185708	139.7740155
1045	35.73027741	139.7177267
1018	35.70481794	139.5791638
453	35.72991815	139.7159967
608	35.68969869	139.6973661
895	35.698827	139.7718886
143	35.65759264	139.543587
364	35.70185139	139.7713856
139	35.70112498	139.7705555
621	35.65457638	139.7924209
311	35.67611347	139.7134953
263	35.65856462	139.7454768
1575	35.66029497	139.7634745
1196	35.67317337	139.7363976
97	35.71188321	139.7703838
80	35.701366	139.771255
1538	35.65398358	139.8826504
435	35.67483368	139.7644025
961	35.70091261	139.7712368
1170	35.66249163	139.4856405
615	35.69831403	139.7748148
217	35.68355302	139.7665349
706	35.70067053	139.7726636
315	35.69441946	139.7004236
1211	35.66641846	139.7572839
258	35.70513862	139.6199455
310	35.67580981	139.7448921
998	35.65178668	139.7851896
913	35.69732076	139.8126608
971	35.70280105	139.7710061
179	35.70709832	139.7529361
305	35.700941	139.770555
612	35.68076	139.773452
420	35.70351982	139.7742301
549	35.68958541	139.6977925
1000	35.63203802	139.8808372
1317	35.59989777	139.6135939
1536	35.66899411	139.7003889
1592	35.68825436	139.7000456
119	35.70122844	139.7717598
168	35.69988183	139.770556
1331	35.65678628	139.748202
201	35.6894792	139.6973721
1289	35.71537641	139.7758234
1116	35.67154571	139.7037578
444	35.67430421	139.7653869
801	35.66381658	139.7308722
1119	35.61344815	139.6270367
1039	35.54379398	139.6025875
965	35.62592061	139.7822231
595	35.67757029	139.7636569
343	35.70035282	139.7717504
730	35.65468099	139.7585392
480	35.65982425	139.6982002
989	35.69851878	139.7756839
124	35.69876819	139.7708599
526	35.53112033	139.6950751
1070	35.68315651	139.8258626
1299	35.730963	139.716429
1137	35.69739482	139.7736454
760	35.67377039	139.7560716
1315	35.69796225	139.7737581
62	35.67172778	139.8369678
870	35.67435318	139.7649858
465	35.70123933	139.7720334
673	35.69870393	139.7709927
470	35.70205178	139.7722238
238	35.65855936	139.7454787
1024	35.65958453	139.6987098
637	35.67211441	139.7632277
67	35.69904656	139.7752228
259	35.68611896	139.7021688
588	35.70653422	139.6164411
849	35.74236297	139.648633
1395	35.69802651	139.7737527
781	35.65923584	139.6990854
1340	35.72766237	139.7114718
1260	35.70030055	139.7726583
200	35.64913964	139.699375
1306	35.6972968	139.7714433
467	35.63413736	139.7071427
506	35.65746624	139.6950915
1138	35.62775632	139.7350216
1264	35.72981364	139.7142828
39	35.69926155	139.7739056
1036	35.68956363	139.6969382
247	35.73169486	139.7128773
1436	35.55355363	139.6469852
653	35.624903	139.739363
1354	35.726817	139.7118234
955	35.6617421	139.7298248
695	35.69269402	139.691087
667	35.69908048	139.7726785
391	35.67489033	139.7638553
777	35.60261088	139.6194398
409	35.64873533	139.6931255
296	35.66206233	139.7026446
1103	35.68383189	139.7445917
969	35.65794152	139.696585
1256	35.69884987	139.7747397
461	35.69807007	139.7726583
401	35.6555172	139.7943292
810	35.66007268	139.6952793
873	35.65880979	139.697122
520	35.64382241	139.6706486
1320	35.54319162	139.7412443
1595	35.6438551	139.5253158
729	35.69331049	139.703688
1113	35.55308603	139.6484149
131	35.6827295	139.7788489
1021	35.65864743	139.6956575
1162	35.703643	139.6263
1302	35.67088003	139.7642617
828	35.69005706	139.697412
368	35.70065465	139.7692539
1151	35.65859949	139.6982539
314	35.68759209	139.6972078
1190	35.65334718	139.5427179
717	35.68143537	139.5490801
1360	35.66350233	139.6990923
1466	35.6961641	139.761326
561	35.56380224	139.715074
1467	35.70996232	139.7731975
349	35.67576109	139.7148057
581	35.69114523	139.6984092
1365	35.68116085	139.6980715
943	35.6913878	139.6982147
74	35.65642886	139.5446223
1487	35.56100719	139.7149372
1193	35.66099233	139.7095728
1186	35.62662264	139.7771215
1526	35.69924195	139.7626859
1470	35.66456621	139.7394848
629	35.53960359	139.6889627
1477	35.65781929	139.7036666
1083	35.60332619	139.7462815
231	35.65674411	139.5410002
93	35.65719382	139.5418355
976	35.65739214	139.5412427
1199	35.65082333	139.760575
402	35.65679936	139.5404112
363	35.65881742	139.7321624
1076	35.64412321	139.6983933
230	35.66046059	139.7293782
388	35.69808368	139.7714581
1453	35.62869814	139.7396564
342	35.65693883	139.5418757
617	35.698167	139.7703691
474	35.70075361	139.7709525
576	35.65461561	139.5426911
1292	35.55055669	139.7892661
192	35.68113471	139.7668594
1454	35.63829883	139.6327007
88	35.70605942	139.7165465
1400	35.70150507	139.7521421
471	35.74994154	139.5434516
892	35.66654485	139.6969986
1147	35.66303047	139.7011017
546	35.67369413	139.7630078
609	35.65619785	139.7562593
771	35.66548907	139.7610886
871	35.68352252	139.7665644
690	35.68902013	139.6988878
294	35.70207356	139.7714245
1246	35.71286324	139.7049715
337	35.69541694	139.7414857
1596	35.70040074	139.7424996
1046	35.69186683	139.7019797
1061	35.68933489	139.6897459
714	35.68972102	139.7069583
1534	35.69479394	139.7463459
1237	35.7038596	139.772146
473	35.65869973	139.6994126
910	35.68111721	139.7725104
1414	35.70750125	139.665665
1548	35.75492121	139.7403216
1118	35.64781727	139.7464015
1201	35.73572613	139.735198
891	35.71932241	139.7075343
432	35.72686108	139.7122577
383	35.69973858	139.7725511
686	35.7003049	139.8154101
1378	35.66220999	139.7345394
270	35.67812806	139.7223294
507	35.69777165	139.7574046
419	35.68913883	139.6992677
886	35.73169921	139.7131482
1167	35.6565727	139.7006518
60	35.69275065	139.7284126
888	35.71245816	139.7763276
248	35.52929692	139.6966392
623	35.68018027	139.7683553
883	35.66801118	139.715213
1267	35.69841205	139.7700512
1002	35.65611504	139.7565705
545	35.69792849	139.7752333
923	35.68806919	139.6983773
242	35.70588442	139.6540095
1396	35.73732083	139.6725234
1127	35.64644238	139.7457075
237	35.72344949	139.7505509
538	35.56238846	139.7155039
1380	35.65236206	139.4879794
779	35.53228734	139.6958935
894	35.66421754	139.6977496
1296	35.672074	139.765128
557	35.70921747	139.6655041
1266	35.71291986	139.7928447
838	35.69964037	139.7705468
261	35.66099015	139.6975619
951	35.6988673	139.7647512
931	35.68916061	139.7023255
837	35.6956522	139.760685
1553	35.66780435	139.7610766
677	35.73036668	139.7107637
190	35.69899363	139.7729373
847	35.66192504	139.7010756
493	35.6900396	139.6980452
543	35.69790235	139.7743723
374	35.69829661	139.7576219
307	35.66126691	139.6982485
1373	35.70936775	139.7728649
1096	35.70300579	139.7732726
274	35.69158304	139.696945
309	35.69793284	139.7749382
628	35.691401	139.7014308
1382	35.65930994	139.6994984
161	35.69246747	139.7033769
1079	35.69888146	139.7801766
1312	35.666657	139.804453
573	35.65999314	139.7019017
604	35.68926367	139.6975715
1357	35.68703003	139.7007215
1502	35.72399931	139.7701312
993	35.62437048	139.7233379
934	35.67290318	139.7983056
834	35.68274693	139.7556961
577	35.72989614	139.7130751
113	35.69776512	139.8264903
344	35.70426907	139.7707164
57	35.65712626	139.5434797
356	35.6710056	139.7185215
1212	35.697854	139.772448
786	35.69108636	139.7356439
902	35.6963645	139.7614011
385	35.66038541	139.6989432
583	35.70207356	139.7553152
1092	35.53037175	139.6972239
1438	35.71636946	139.7764993
1327	35.70002261	139.77029
449	35.66108822	139.6973526
280	35.62289444	139.7472525
348	35.64906392	139.6998651
775	35.65714369	139.543469
616	35.63998167	139.8621798
350	35.70132032	139.7462819
1270	35.71177867	139.7960901
302	35.66158334	139.7029267
153	35.67534786	139.7657446
710	35.69642767	139.6984524
167	35.52474341	139.6456075
159	35.70905631	139.7195023
166	35.65816362	139.7015852
614	35.71445304	139.7888964
275	35.71263675	139.7042969
1054	35.70518648	139.5790634
235	35.68890573	139.6985248
1309	35.73011847	139.7172225
1146	35.71002548	139.7743347
898	35.68888177	139.6971542
984	35.56160439	139.7145713
743	35.657331	139.782298
269	35.69247618	139.6995977
273	35.69258046	139.7011996
1353	35.69132163	139.7054315
387	35.70750125	139.6646833
1239	35.7094614	139.7736293
239	35.64907098	139.7106403
1413	35.72906027	139.7189847
1362	35.69813923	139.7758006
1576	35.69211724	139.7018198
1522	35.74927998	139.8050736
452	35.70343487	139.5770583
1084	35.65862128	139.6955502
565	35.70168	139.7716437
352	35.68252906	139.7722614
555	35.66157636	139.702481
1537	35.70074054	139.7719288
693	35.70102471	139.7692662
211	35.77977714	139.7208857
1482	35.69898928	139.7746861
1298	35.85921567	139.6561553
51	35.65859513	139.6995413
792	35.69955343	139.7703946
433	35.68886652	139.7024301
1494	35.66241043	139.6971078
696	35.65246886	139.5452178
1368	35.69914829	139.7716713
540	35.72820673	139.7134137
927	35.68198004	139.7686458
1495	35.62890743	139.7406864
301	35.71094618	139.7974802
1591	35.69099922	139.7697589
441	35.65546667	139.7470728
980	35.65461016	139.7451878
459	35.61054404	139.6258763
1401	35.65557564	139.5443259
329	35.69781522	139.7737741
1253	35.66754286	139.7573215
827	35.66812685	139.7410619
228	35.604373	139.683963
1332	35.67390984	139.7411048
1551	35.80772664	139.7143119
794	35.72931524	139.7147508
199	35.69133034	139.6992195
715	35.62648247	139.6313894
30	35.68960502	139.6916664
376	35.71253656	139.7752869
783	35.71033723	139.7753545
999	35.53056514	139.6996003
513	35.66780435	139.7810858
415	35.65563918	139.7924864
492	35.6998947	139.7704576
627	35.64659059	139.7110856
1474	35.70231701	139.579352
38	35.702139	139.771766
1287	35.632411	139.883274
1531	35.63062535	139.8831439
209	35.67309928	139.7407615
466	35.65847744	139.7008878
98	35.62679705	139.774375
1013	35.66728582	139.804663
502	35.77019348	139.6609068
1520	35.70119359	139.7712663
1111	35.702466	139.578725
1216	35.60883038	139.6726978
458	35.73012097	139.7165064
1275	35.71074353	139.7984965
215	35.65793261	139.697991
254	35.68289072	139.6871683
1210	35.66072646	139.6964461
486	35.73076732	139.7103775
156	35.68559655	139.7733772
1027	35.64223992	139.8255301
1165	35.6605372	139.6971278
210	35.700566	139.770775
498	35.66269212	139.7330233
1150	35.703543	139.636866
412	35.62475638	139.7758448
479	35.69924195	139.7709364
1412	35.62869378	139.7370332
1143	35.66665816	139.7413301
1234	35.69163314	139.7018641
1334	35.70235236	139.7546554
824	35.705171	139.664474
1557	35.72818001	139.7118133
992	35.65796748	139.5700657
1252	35.70032596	139.7625649
1159	35.69556791	139.6985338
1208	35.68736771	139.7038221
1498	35.53767419	139.7331119
1461	35.62803538	139.7410485
669	35.70478309	139.7534966
1384	35.59890338	139.6116507
731	35.69829225	139.7728515
1338	35.65975451	139.6995521
607	35.61922799	139.729746
1192	35.73078038	139.712432
456	35.70066866	139.7712421
816	35.657786	139.703005
939	35.69962967	139.7689059
1448	35.52944641	139.6991372
31	35.66489236	139.760184
537	35.70686128	139.6665219
43	35.61973733	139.7285843
47	35.693622	139.6997023
52	35.731348	139.713095
55	35.63113112	139.7957361
59	35.63285335	139.7983003
66	35.71390865	139.7767424
68	35.60724284	139.7339004
69	35.65579871	139.7004585
70	35.66398219	139.6784914
81	35.64805571	139.7416423
91	35.73001461	139.7156785
95	35.66002038	139.704144
101	35.67530431	139.761672
107	35.67060657	139.5010579
111	35.68941753	139.6970929
116	35.74257087	139.7970316
120	35.69504663	139.7927159
122	35.69914175	139.7729588
127	35.80304384	139.7185957
128	35.70612301	139.7721943
132	35.5992755	139.6123722
135	35.66088936	139.6968082
141	35.71294164	139.759647
142	35.67058914	139.4900769
930	35.65152514	139.6361446
149	35.64998639	139.5435441
152	35.6967457	139.7734925
155	35.69651044	139.7711509
158	35.61202718	139.6279317
162	35.61488368	139.5666647
163	35.62909961	139.7773715
176	35.69062998	139.7023603
178	35.6918961	139.6987433
185	35.65955014	139.6982367
188	35.68357917	139.6864361
189	35.6995469	139.7707701
191	35.53058478	139.6995038
1286	35.69431036	139.7602665
198	35.70080281	139.77175
1518	35.73030136	139.7144276
203	35.69953818	139.7704388
204	35.69837611	139.7751568
207	35.67472909	139.7395384
213	35.699534	139.764529
214	35.68958429	139.6969236
216	35.65907021	139.698911
221	35.699472	139.76941
1480	35.69732511	139.7725511
222	35.68993614	139.7037256
223	35.65890023	139.7032642
229	35.64629416	139.7104311
245	35.68973819	139.7022584
422	35.70739671	139.773345
262	35.70090913	139.7697731
265	35.70152903	139.7711563
267	35.73049733	139.7156373
272	35.69955016	139.7749476
276	35.6752128	139.7659528
284	35.65640707	139.6995521
285	35.69703758	139.8134065
1205	35.68902909	139.698105
289	35.61548114	139.7775024
291	35.70251354	139.7719663
1513	35.67939925	139.7577334
292	35.69313623	139.70184
295	35.69879755	139.774162
298	35.55334681	139.6468788
299	35.72956542	139.7212136
308	35.698057	139.7722936
313	35.73879475	139.6616149
317	35.69439967	139.7019365
319	35.69168062	139.6955122
321	35.66030369	139.6984255
327	35.69218427	139.6971166
722	35.65981117	139.700354
728	35.63029398	139.7953391
1402	35.65694755	139.6955127
1455	35.61005155	139.5734668
1337	35.66768668	139.7156346
1342	35.65849622	139.6954774
795	35.6595976	139.6984148
468	35.63056866	139.7143364
328	35.68034335	139.7684003
1279	35.66536813	139.7263741
1316	35.70037352	139.7702082
1366	35.70081024	139.8158097
384	35.53107154	139.7007
681	35.69767472	139.7724129
1546	35.67991027	139.7679082
377	35.67314744	139.76706
1437	35.69766492	139.7744823
1278	35.65283686	139.881616
1517	35.67530431	139.766205
755	35.66006724	139.6959753
645	35.62754737	139.7727734
1570	35.7206769	139.7802597
500	35.69927898	139.7745949
917	35.68039395	139.7345924
860	35.69851661	139.7736615
841	35.69308612	139.6953571
556	35.53210399	139.6955824
1182	35.64159035	139.7132796
1060	35.64241866	139.713918
600	35.62884203	139.7950816
861	35.53786408	139.7418317
972	35.661198	139.700641
857	35.65576415	139.7004238
380	35.71888688	139.7764564
1571	35.618932	139.728144
663	35.63459298	139.8855472
1349	35.54414317	139.5723724
709	35.66185966	139.6984792
1115	35.65757411	139.7032656
814	35.71192241	139.7755471
640	35.72926679	139.7095142
982	35.6979	139.772406
570	35.69914175	139.7723848
938	35.65821593	139.6970147
790	35.70408325	139.5809469
994	35.69795175	139.7680009
1363	35.70145497	139.7720844
527	35.78543236	139.7336724
887	35.5363297	139.7082746
613	35.62608195	139.7811556
641	35.6253494	139.5188999
1169	35.6877819	139.5588647
1258	35.69574151	139.7013894
1606	35.65785743	139.7088151
1588	35.68427197	139.8649585
361	35.65059666	139.5408028
926	35.8333141	139.7068612
840	35.69589617	139.829371
551	35.56373389	139.7155837
789	35.70427125	139.5809743
650	35.5588259	139.7240771
858	35.65942588	139.7005233
1276	35.67842001	139.7632599
503	35.53189445	139.6954215
451	35.71055471	139.760288
1033	35.59140061	139.7428429
791	35.67170041	139.7652555
1280	35.75492774	139.7365397
1514	35.67358736	139.7627074
1171	35.70143754	139.7681201
1445	35.66751236	139.6968269
1579	35.72972001	139.7137329
1463	35.66166034	139.6684595
726	35.68557476	139.6906391
1511	35.72204225	139.7136337
522	35.70172941	139.7720173
997	35.68928478	139.6982217
625	35.6248087	139.7745895
1236	35.70482683	139.6723228
1356	35.68962177	139.7025179
776	35.69541694	139.7093904
1590	35.68499199	139.7741564
685	35.70078846	139.8157829
1583	35.66049383	139.6684317
874	35.689372	139.697008
899	35.71271846	139.7256145
1095	35.66231919	139.7001394
1364	35.67179193	139.8356795
1110	35.7039293	139.5797297
845	35.69892393	139.7747666
1478	35.70376802	139.5805811
1197	35.69897839	139.7716284
1082	35.73071262	139.7147708
929	35.69832601	139.7717799
1240	35.70052708	139.7727978
785	35.53583205	139.667269
1120	35.73042703	139.7074535
1102	35.66112962	139.7009656
455	35.662203	139.670676
721	35.65745316	139.5876074
843	35.70213672	139.7718805
1078	35.72764931	139.7671437
1025	35.69112993	139.6926534
757	35.66138895	139.6975565
967	35.62654633	139.7380498
1533	35.69562328	139.7573155
981	35.69583844	139.7597341
833	35.68055082	139.7684097
986	35.52817494	139.6979856
897	35.7084552	139.7693861
740	35.76386902	139.6637017
560	35.66692458	139.7311219
1471	35.63639797	139.8820496
671	35.6859059	139.7007644
521	35.70066212	139.7418183
853	35.66073954	139.697409
359	35.69845126	139.7758529
524	35.64832992	139.7109032
1148	35.70056846	139.7707406
1195	35.66060878	139.6960759
865	35.60620482	139.7359014
574	35.63486983	139.7169247
907	35.62667496	139.7380411
603	35.695832	139.698202
392	35.73784335	139.6538955
752	35.69813358	139.750886
569	35.644114	139.757498
331	35.6278696	139.7362912
1073	35.69887166	139.7704992
1313	35.68904733	139.6980232
1043	35.62640462	139.6264297
1172	35.70718762	139.6637607
1322	35.65679936	139.7571445
1377	35.76498755	139.8517997
1485	35.68726967	139.7001582
959	35.53302948	139.694885
389	35.66863497	139.7056245
1603	35.66046931	139.7292709
768	35.70663	139.719079
1012	35.67852023	139.7442806
1408	35.63063407	139.8799467
1281	35.62924099	139.7761184
1254	35.62815747	139.7752762
631	35.625393	139.775641
425	35.64452427	139.670155
580	35.67986234	139.7707486
1233	35.6429636	139.7130382
1301	35.77136865	139.734292
745	35.6605067	139.7070058
1107	35.68982722	139.6986991
1075	35.69544744	139.8168316
1203	35.68962245	139.7002387
1163	35.69880413	139.7704321
1144	35.67447635	139.6932864
691	35.56324368	139.7156695
1447	35.68984698	139.7643469
753	35.69901324	139.7701344
648	35.66772591	139.700228
754	35.69929858	139.7696033
596	35.62398675	139.7430709
822	35.68247677	139.7645044
1441	35.67162524	139.7032991
1097	35.69360457	139.6981788
774	35.6568691	139.7593653
1250	35.70054015	139.7746861
490	35.66868	139.705861
1392	35.69876369	139.7705319
602	35.65772776	139.7001475
1125	35.64011096	139.5989556
739	35.612501	139.638909
832	35.72942171	139.7093582
366	35.71566387	139.774096
1004	35.69539298	139.7665429
1488	35.6747901	139.7625947
1098	35.53137932	139.7002226
332	35.69947372	139.772667
333	35.63379647	139.7915176
345	35.70436055	139.6715176
351	35.66710051	139.7314382
354	35.68665315	139.6968269
355	35.7099357	139.774543
357	35.67403685	139.7671922
362	35.66434176	139.762238
365	35.6986123	139.7746008
379	35.69856235	139.7706762
381	35.69745363	139.7788382
386	35.66029279	139.6965909
393	35.68647479	139.7018048
400	35.619044	139.705091
405	35.65604094	139.7923136
1085	35.68972962	139.69635
411	35.62519242	139.7754264
423	35.69071167	139.6911192
424	35.70426907	139.751941
426	35.70066383	139.771705
429	35.73042057	139.7127311
430	35.53485422	139.6994877
434	35.53323902	139.6951532
436	35.658979	139.695539
443	35.72939558	139.7129148
445	35.6742846	139.7636957
446	35.62522731	139.7755551
462	35.66525822	139.7310271
463	35.53091657	139.6976638
464	35.6729119	139.7426015
477	35.66536709	139.7310621
876	35.6536	139.5443353
487	35.69522089	139.7013062
496	35.69261039	139.7009073
504	35.6764896	139.7124642
515	35.69307523	139.6983585
518	35.69137412	139.6971477
1476	35.66637237	139.7312616
836	35.661991	139.6694845
1572	35.62572658	139.5198011
1017	35.69321465	139.7039536
804	35.70025263	139.7723043
1051	35.70032669	139.7706668
1586	35.79647834	139.6455002
1419	35.66686735	139.743948
912	35.58872829	139.7318104
797	35.67032602	139.7632438
922	35.66775641	139.7064829
1444	35.69829011	139.7724289
813	35.65683423	139.7982788
893	35.60045526	139.6115138
1425	35.70574579	139.5817602
1424	35.62642206	139.884603
1091	35.67346534	139.7605133
1509	35.62403115	139.7787146
1206	35.69802433	139.7714889
675	35.65669911	139.7538239
1071	35.70046827	139.7712502
944	35.68967473	139.7007859
1176	35.66752979	139.7068799
1062	35.70298836	139.8206162
692	35.6956028	139.7014657
1443	35.63171538	139.8809311
1319	35.67231051	139.7540814
632	35.72971783	139.7142184
1558	35.670785	139.713522
1418	35.69008863	139.7821561
1053	35.70108686	139.77202
1501	35.70951803	139.6656597
1555	35.62533196	139.7802222
1527	35.6589874	139.6988654
975	35.69804829	139.7825275
1432	35.70145497	139.7724491
766	35.69540169	139.7589576
668	35.65827477	139.5308425
933	35.64884431	139.6362385
772	35.71134746	139.7753084
1409	35.69852314	139.7710302
1519	35.77752398	139.7198333
1564	35.77998277	139.7204733
1304	35.69984095	139.770188
1582	35.707893	139.666503
719	35.64196963	139.8250794
1139	35.62765821	139.7366846
780	35.629919	139.7333908
890	35.73110698	139.7143042
835	35.6786673	139.7673449
530	35.72916478	139.7134084
952	35.661347	139.704652
1515	35.69633182	139.7006974
1215	35.66096618	139.7240889
884	35.75283375	139.5944899
859	35.66088228	139.7283228
532	35.6590615	139.7005793
659	35.6994346	139.7748353
626	35.66403045	139.7600892
1399	35.65883535	139.749329
1599	35.62604271	139.7821426
1491	35.53234846	139.7107315
1529	35.62434827	139.775664
1204	35.80094242	139.7166967
1067	35.69143694	139.6995576
1189	35.66879148	139.7624751
1549	35.56122102	139.7137517
746	35.7665537	139.6300997
954	35.68293865	139.7322214
1389	35.7018601	139.7523379
1141	35.65874768	139.5867276
1397	35.70315172	139.7702041
1265	35.70035718	139.7724867
552	35.80107294	139.7185528
1283	35.72838092	139.7080064
1383	35.62257191	139.7219392
936	35.70303312	139.7696383
1263	35.70051711	139.7708514
1516	35.69955997	139.7748899
1041	35.661313	139.698071
1347	35.6961641	139.7750911
960	35.53137932	139.7002226
1226	35.69874968	139.7030175
751	35.53058915	139.6995038
635	35.69037183	139.702363
1422	35.68787966	139.7022021
1323	35.72021089	139.7606903
1577	35.67549605	139.4724119
807	35.69890868	139.7715613
1562	35.6893131	139.6991283
821	35.63610633	139.8833865
1434	35.7003855	139.7727281
863	35.69901542	139.7746217
563	35.68373167	139.7664571
1398	35.62543661	139.775877
1248	35.66043314	139.7028071
1290	35.69179241	139.7032182
1268	35.69855364	139.7707003
1178	35.69285522	139.6988869
666	35.69527753	139.6903467
678	35.67465563	139.7607131
1473	35.70138527	139.7708935
773	35.65769725	139.5435119
1080	35.55386747	139.6464309
571	35.68122	139.767026
842	35.69911561	139.7716069
1284	35.70069697	139.7737312
1277	35.69649302	139.796074
1451	35.69192886	139.6937954
1100	35.68066411	139.7978014
987	35.65890895	139.6980044
911	35.70062074	139.7705421
1492	35.67004001	139.7628644
1106	35.64156856	139.7153288
624	35.70683914	139.6654102
1329	35.67195753	139.7166753
733	35.65978502	139.7011346
1566	35.7316905	139.7123623
1462	35.70719633	139.7536469
1343	35.69836195	139.7722828
966	35.62208337	139.7187245
1108	35.65328942	139.5427153
744	35.73066196	139.710367
905	35.65775609	139.7003487
1194	35.70472211	139.5815241
973	35.625488	139.7241855
901	35.729378	139.715281
1350	35.69358279	139.7007376
1136	35.65999959	139.7024331
578	35.71035	139.812242
597	35.62803538	139.7393131
878	35.67227129	139.7587109
1483	35.75064392	139.8043513
638	35.67202865	139.4773279
572	35.69069263	139.6982397
806	35.66070587	139.6979156
1530	35.66065237	139.6984363
1523	35.62702379	139.8890501
1155	35.58464751	139.7407722
1484	35.62488283	139.8825485
1561	35.70372456	139.5780534
848	35.7318734	139.7133869
1479	35.69942492	139.7707701
1114	35.5539513	139.6457348
958	35.69884987	139.7698313
1427	35.66735764	139.7054087
1407	35.69215596	139.7011587
1359	35.69343902	139.7019553
1262	35.69358131	139.7011017
534	35.53152774	139.700067
548	35.69952947	139.7709525
554	35.72971008	139.7140178
1439	35.69903284	139.7747827
564	35.69824624	139.7720495
566	35.65405768	139.762643
568	35.69845344	139.7758529
964	35.69793284	139.7760513
586	35.67262833	139.7650507
1489	35.69525575	139.7432506
854	35.65029589	139.5432168
1001	35.6989296	139.7737669
916	35.67431947	139.7640002
1154	35.67967933	139.8080528
1415	35.66606545	139.7300327
937	35.63863889	139.7892559
1556	35.67482496	139.7644079
1149	35.70197951	139.7705768
1222	35.6994542	139.7749301
956	35.70612359	139.7745806
1578	35.66127345	139.7010782
1428	35.7298267	139.7156936
770	35.62605579	139.8846942
918	35.69979085	139.7742462
738	35.63008781	139.7754693
1057	35.75817092	139.8784447
1442	35.66644461	139.7723097
1055	35.657248	139.701684
1157	35.71007993	139.8106706
747	35.67394288	139.7673507
1225	35.69872354	139.7728622
1547	35.69263302	139.7063273
1554	35.66872391	139.7059357
591	35.63315419	139.7995126
1187	35.62810514	139.7742891
1282	35.62359802	139.7747304
1602	35.57021457	139.7700405
1450	35.5308199	139.6995384
1295	35.66039338	139.6972674
1223	35.65842078	139.6949816
1540	35.69767363	139.7734845
1005	35.70042713	139.7708663
1410	35.68978801	139.7014672
946	35.70494863	139.5778227
713	35.6765724	139.7378218
665	35.6689722	139.7041883
1508	35.64284153	139.7140735
1346	35.68707895	139.6968934
711	35.69635796	139.7759172
1370	35.7278704	139.713506
1310	35.69554764	139.7012901
1550	35.53157358	139.7000965
1493	35.78012264	139.7195839
921	35.671539	139.48109
1525	35.70293609	139.7546929
1594	35.65771111	139.6964597
1391	35.730333	139.708555
1271	35.53506191	139.7009222
1145	35.70010337	139.7718099
1050	35.70020035	139.7636032
1288	35.71439206	139.7984934
1261	35.70094964	139.770813
644	35.68576684	139.6910103
1307	35.69493771	139.8136961
1308	35.73261368	139.7146475
689	35.69796334	139.772366
1105	35.61911374	139.7314167
601	35.69624905	139.7602625
1597	35.73030082	139.7105166
1600	35.70668233	139.7533706
935	35.70135913	139.7402787
639	35.73868546	139.6541369
705	35.53138368	139.7002172
598	35.63239555	139.7974527
1341	35.77658272	139.6786416
796	35.65734445	139.750267
1486	35.70018728	139.7719771
1459	35.661743	139.7081459
1121	35.69001457	139.7058928
725	35.6311878	139.79204
679	35.70024065	139.7719784
978	35.67080268	139.7046456
1214	35.72906027	139.7188479
1245	35.69011042	139.7061449
1336	35.69091644	139.7040528
1131	35.66497153	139.7310305
1030	35.70197772	139.7714245
924	35.71267159	139.7033849
1251	35.6305643	139.7951916
949	35.69721184	139.8124838
1609	35.69972115	139.7742033
885	35.70278859	139.6665418
1446	35.67219285	139.7658455
1112	35.62977947	139.7940731
788	35.71388681	139.7044417
877	35.695561	139.758614
1345	35.60983173	139.747777
1352	35.7077186	139.7758038
1052	35.7035763	139.771715
1361	35.76387337	139.6638787
1580	35.66198796	139.7086016
1605	35.66725087	139.6966767
1090	35.69726412	139.8101878
1367	35.690032	139.7058928
906	35.67375731	139.765124
1068	35.67974905	139.7649121
636	35.69946878	139.7690104
1524	35.69189429	139.6976563
1417	35.70470904	139.7532821
1608	35.69881502	139.7722936
1047	35.69994768	139.7725725
1040	35.698238	139.77543
900	35.67318208	139.763689
1481	35.70079499	139.742116
1499	35.69385726	139.7033393
1177	35.77944939	139.724956
1168	35.732601	139.716026
1601	35.65293308	139.544397
1224	35.69560428	139.7008798
787	35.66236088	139.7312933
1560	35.62628035	139.770703
1563	35.67575098	139.7646815
1086	35.68607583	139.7619939
867	35.66283159	139.7079259
1372	35.69976311	139.7690342
1528	35.69866429	139.7722742
990	35.69871907	139.7741413
1371	35.67343039	139.7567352
634	35.57507194	139.6633375
1510	35.7064972	139.717429
732	35.70987956	139.8097372
1375	35.73029919	139.7134902
1218	35.70154645	139.7395116
1069	35.709914	139.809866
950	35.65774083	139.696548
1202	35.71035326	139.8120841
762	35.61897202	139.731355
1161	35.71044259	139.8114816
953	35.6355805	139.6157384
844	35.70996668	139.8106384
670	35.68693854	139.7658885
1087	35.69327564	139.6989553
1440	35.74249609	139.8524046
622	35.62925625	139.7935367
896	35.69557693	139.6906912
1008	35.56012788	139.7157134
1535	35.71009904	139.8107023
1213	35.70125563	139.7708249
1072	35.69190326	139.7057641
1458	35.70524266	139.7540224
1539	35.68192121	139.6851298
793	35.65772776	139.7003353
1101	35.72941409	139.7146851
1589	35.58154689	139.7486653
1142	35.6679656	139.7594833
1433	35.63094186	139.6436475
1385	35.69937	139.771078
1038	35.6850214	139.7034788
606	35.6748424	139.7691768
1585	35.65873242	139.6955663
1544	35.70040401	139.7720401
1387	35.699114	139.770549
1003	35.64358926	139.6713808
748	35.70182307	139.7712207
682	35.691322	139.702979
1449	35.69901542	139.7746217
1006	35.70041817	139.7726154
1394	35.7018952	139.7714205
825	35.7099875	139.6669205
593	35.63158048	139.7929708
932	35.66125541	139.697776
750	35.70027047	139.7705019
1029	35.67118182	139.765352
734	35.71246156	139.7745257
1093	35.6596499	139.702599
756	35.66257	139.733259
852	35.70157453	139.7713598
798	35.70192019	139.7705369
925	35.69134886	139.7030497
1109	35.7116422	139.7745407
1584	35.65404163	139.6937474
1411	35.70039203	139.7720361
1452	35.66198108	139.6994862
784	35.72965251	139.7180271
1390	35.70023469	139.7701924
879	35.73003573	139.7151196
1521	35.7224059	139.7916269
812	35.70104983	139.7671008
1134	35.65314667	139.5423532
881	35.732394	139.705407
1503	35.70067701	139.7729481
1028	35.68106298	139.7689993
839	35.69769977	139.7703838
1009	35.70243637	139.7704702
1504	35.701178	139.771038
942	35.63066895	139.7951031
