0	891	2
0	1063	2
0	300	2
0	1157	1
0	536	9
0	167	2
0	606	1
0	603	4
0	373	3
1000	613	1
1000	418	3
1001	584	1
1001	208	1
1001	48	4
1001	162	1
1001	1129	1
1002	132	2
1002	607	1
1002	362	1
1002	511	1
1002	161	4
1002	985	2
1003	1257	1
1003	1460	2
1003	419	1
1003	710	1
1004	1146	1
1004	1200	1
1004	37	3
1005	686	1
1005	647	1
1005	323	2
1005	610	1
1006	254	4
1006	859	1
1006	649	1
1006	1445	1
1006	1085	1
1007	1243	1
1007	1322	1
1007	261	1
1007	560	1
1008	778	1
1008	137	1
1009	966	1
1009	748	1
1009	1518	1
100	1608	1
1010	1234	1
1010	350	1
1010	1440	1
1010	584	1
1010	815	1
1011	1120	3
1011	197	1
1011	1070	1
1012	933	1
1012	360	1
1012	1163	1
1012	309	1
1013	319	1
1013	98	2
1013	60	9
1013	636	1
1013	163	1
1013	661	2
1013	1008	1
1014	700	1
1014	1394	1
1014	1490	1
1015	547	1
1015	1017	1
1016	1478	1
1016	270	2
1016	687	1
1016	1403	3
1017	300	1
1018	933	1
1019	684	1
1019	864	1
1019	1514	1
1019	812	1
1019	220	1
101	121	1
101	163	2
101	1594	1
101	234	6
1020	213	7
1020	439	5
1020	510	5
1020	853	1
1020	121	1
1021	572	1
1021	49	1
1021	1365	1
1021	752	1
1021	21	1
1021	121	1
1022	388	1
1022	229	1
1022	175	1
1022	399	1
1022	154	2
1023	917	2
1023	766	1
1023	479	1
1024	266	1
1024	1141	1
1024	642	1
1025	234	1
1025	232	1
1025	553	1
1026	200	1
1026	456	1
1026	480	1
1026	220	1
1026	531	1
1027	109	7
1027	914	1
1027	333	10
1027	11	2
1028	955	2
1028	446	1
1029	703	7
1029	1012	6
102	49	1
1030	1051	1
1030	602	1
1030	922	1
1030	1180	2
1030	422	3
1031	158	1
1031	381	1
1031	109	8
1032	1554	1
1032	360	2
1033	58	1
1034	433	1
1034	1540	1
1034	788	1
1034	360	1
1035	1013	3
1035	343	1
1036	555	5
1036	931	1
1037	1263	1
1037	573	3
1037	966	1
1037	710	2
1038	203	1
1038	655	1
1039	122	4
103	96	1
1040	1379	1
1040	365	1
1040	49	1
1041	1403	1
1041	35	1
1041	106	1
1041	176	1
1041	422	1
1041	193	1
1042	340	2
1042	235	1
1042	898	1
1042	873	1
1043	379	1
1043	96	1
1044	647	1
1044	49	1
1044	649	1
1044	998	1
1044	517	1
1045	461	4
1045	684	2
1045	1070	4
1045	224	1
1046	782	1
1046	1363	1
1046	229	1
1047	1487	1
1047	173	1
1047	208	1
1047	367	1
1047	471	1
1048	350	1
1048	1281	2
1049	415	1
1049	626	2
1049	599	1
1049	180	1
104	106	1
104	213	1
104	119	1
1050	1315	1
1050	1012	1
1050	1220	1
1051	137	1
1051	534	1
1051	794	1
1052	964	2
1052	30	6
1052	48	1
1052	1215	1
1052	6	1
1053	510	1
1053	214	3
1053	254	1
1053	392	4
1054	446	1
1054	1119	1
1054	168	7
1054	254	7
1054	244	6
1054	964	7
1054	576	1
1054	1179	2
1054	649	2
1055	1552	1
1055	816	1
1055	137	1
1055	232	1
1056	655	1
1056	106	3
1056	331	1
1056	1465	1
1057	1405	1
1057	844	1
1058	37	1
1058	280	1
1058	717	1
1058	81	1
1059	360	1
1059	446	1
105	1243	6
105	794	1
105	165	1
105	1166	1
105	934	1
105	354	1
105	55	2
105	48	6
105	686	1
1060	1281	1
1060	772	1
1061	896	1
1061	259	1
1061	261	3
1062	602	1
1062	1269	2
1062	470	1
1062	273	1
1062	474	1
1062	54	1
1062	1349	1
1063	1490	1
1063	1008	1
1063	1546	1
1064	48	1
1064	510	1
1065	125	1
1065	1262	2
1066	960	1
1066	832	1
1066	1351	1
1066	710	1
1067	524	1
1067	192	2
1067	452	4
1067	1413	1
1068	260	1
1068	294	1
1068	1107	2
1068	705	2
1069	868	1
1069	122	1
1069	909	1
1069	396	1
106	1370	1
106	793	1
106	182	1
106	501	1
106	1209	1
1070	1308	1
1071	791	2
1071	710	1
1072	157	1
1072	852	1
1072	1223	3
1073	1201	1
1073	381	1
1074	1406	5
1074	593	1
1074	119	1
1074	110	2
1074	51	1
1074	720	1
1075	1277	1
1075	1059	1
1075	900	1
1075	232	2
1076	432	3
1076	1515	1
1076	1507	1
1076	106	1
1076	501	1
1076	755	1
1076	634	1
1077	359	1
1077	1183	1
1078	1349	1
1078	297	1
1079	1003	1
1079	182	1
1079	115	1
107	433	1
107	1471	1
1080	171	3
1080	245	1
1080	645	1
1080	1517	3
1080	190	1
1080	987	1
1081	651	1
1081	899	1
1081	896	2
1082	1473	3
1082	301	5
1082	439	1
1082	68	2
1083	360	2
1083	350	1
1084	195	20
1084	391	1
1084	496	1
1084	1307	1
1085	363	1
1085	1587	1
1085	711	2
1085	216	1
1085	793	1
1086	122	1
1086	39	1
1086	81	2
1086	1435	2
1087	1296	1
1087	1252	1
1088	1220	1
1088	507	1
1089	686	1
1089	783	1
1089	733	1
1089	1401	1
108	246	1
108	224	1
1090	21	1
1090	351	1
1090	1461	1
1090	161	2
1090	502	1
1091	635	1
1091	232	2
1092	703	1
1092	1380	1
1092	1388	1
1093	696	1
1093	712	1
1093	121	1
1094	769	1
1094	230	1
1094	157	2
1095	873	1
1095	28	1
1095	865	1
1096	1099	1
1096	684	1
1096	265	1
1096	427	1
1096	195	4
1097	280	1
1097	429	1
1098	496	2
1098	830	1
1098	634	1
1098	195	3
1099	1589	1
1099	457	3
1099	78	11
109	710	1
109	854	1
109	429	2
109	636	1
10	635	1
10	312	6
10	48	1
10	180	4
1100	168	2
1100	180	1
1100	399	2
1100	281	1
1100	189	1
1101	263	1
1101	1573	1
1101	1129	1
1102	800	1
1102	966	1
1102	710	1
1102	277	1
1102	294	1
1103	710	1
1103	606	1
1103	1509	1
1103	294	1
1103	914	1
1103	675	3
1103	0	4
1103	180	6
1104	753	1
1104	558	1
1104	222	3
1104	266	1
1105	119	2
1105	384	1
1105	1462	1
1106	398	3
1106	327	1
1107	1021	1
1107	810	2
1107	1148	1
1108	800	1
1108	35	23
1108	48	3
1109	180	1
1109	1395	3
1109	1122	1
1109	726	1
110	38	2
110	17	1
1110	1143	2
1110	48	2
1110	286	1
1111	612	1
1111	1505	1
1111	80	1
1111	203	1
1111	1007	1
1112	656	3
1112	1287	6
1112	153	15
1112	961	1
1112	360	1
1112	176	2
1112	182	2
1112	248	1
1112	1106	1
1112	909	1
1112	1507	1
1112	1050	1
1112	1097	1
1113	902	1
1113	792	1
1114	953	1
1114	1094	1
1114	924	2
1115	168	3
1115	250	1
1115	214	1
1115	1439	1
1115	356	1
1116	473	1
1116	49	3
1116	737	3
1116	768	1
1117	422	3
1117	13	8
1117	302	2
1118	1504	1
1118	1469	12
1118	429	2
1119	85	1
1119	1137	1
111	301	2
111	710	1
1120	681	1
1120	1004	1
1120	176	5
1121	885	1
1121	140	2
1121	416	1
1121	509	1
1121	203	2
1122	1427	1
1122	350	1
1122	691	1
1123	510	5
1123	439	3
1123	800	1
1123	1494	1
1124	1259	1
1124	429	1
1124	1107	1
1125	1290	1
1125	195	1
1126	398	1
1126	465	1
1127	266	1
1127	1445	1
1128	285	2
1128	295	3
1128	49	5
1128	1207	2
1128	182	3
1128	432	1
1128	1013	2
1129	933	1
1129	192	1
1129	901	1
112	47	4
112	699	2
112	1198	1
112	1453	1
1130	106	1
1130	30	1
1130	141	1
1130	125	1
1131	326	2
1131	1193	1
1131	474	1
1131	917	1
1131	48	1
1132	547	1
1132	1297	2
1132	47	3
1133	236	2
1133	176	3
1133	157	2
1134	1059	5
1134	820	1
1134	614	1
1134	909	1
1135	971	1
1136	192	2
1136	1029	1
1137	34	1
1137	734	1
1138	945	1
1138	1133	2
1138	259	1
1138	941	1
1139	824	1
1139	122	1
1139	1047	2
113	1113	1
113	585	1
113	1302	1
113	626	2
113	68	22
113	1188	1
1140	815	1
1140	440	1
1140	200	1
1140	348	1
1140	999	1
1140	141	1
1141	1133	1
1142	445	3
1142	152	1
1142	122	2
1143	912	1
1143	57	1
1143	137	2
1144	754	1
1145	214	1
1145	64	1
1146	605	1
1146	192	1
1146	475	1
1147	545	1
1147	1101	1
1147	676	3
1148	767	1
1148	1014	1
1149	150	5
1149	695	1
1149	0	4
1149	340	1
1149	240	2
1149	1431	1
114	153	2
114	445	1
114	1487	1
1150	914	1
1150	1233	1
1150	655	1
1150	340	9
1150	77	8
1150	695	1
1151	605	2
1151	1304	1
1151	192	1
1151	1576	1
1151	24	6
1151	12	4
1152	818	13
1152	1075	2
1152	38	1
1153	154	1
1153	935	1
1153	893	1
1153	1414	1
1153	48	5
1153	162	3
1154	1118	2
1154	1477	1
1154	195	1
1154	1352	2
1154	235	1
1155	243	1
1155	135	1
1155	1077	1
1156	87	1
1156	805	7
1157	121	1
1157	896	1
1157	423	5
1157	848	1
1158	117	1
1158	315	1
1158	399	1
1158	225	1
1158	20	1
1159	159	1
1159	261	1
1159	1548	1
1159	1083	1
1159	999	1
115	201	9
115	808	1
115	806	1
1160	141	2
1160	422	3
1160	1318	1
1160	419	1
1161	1457	1
1161	49	15
1161	278	4
1162	1345	1
1162	144	1
1162	1048	2
1163	153	1
1163	106	1
1163	463	1
1163	187	1
1164	415	2
1164	721	1
1165	391	1
1165	213	2
1166	955	1
1166	737	1
1166	1452	1
1167	709	2
1167	49	5
1168	803	2
1168	163	1
1169	277	7
116	674	2
116	187	1
1170	595	1
1171	422	1
1171	22	1
1172	1022	1
1172	336	1
1172	972	1
1172	1007	1
1173	872	1
1173	245	1
1174	437	1
1174	924	1
1174	84	1
1174	1111	1
1175	649	1
1175	176	1
1175	1032	1
1176	1201	1
1176	280	1
1176	1545	1
1176	363	1
1177	514	1
1177	1526	1
1178	1359	1
1178	449	1
1178	1083	1
1179	687	2
1179	764	1
117	271	1
117	234	1
117	1490	1
1180	1435	5
1180	232	7
1180	163	1
1180	662	1
1181	470	1
1181	359	1
1182	49	7
1182	465	1
1182	570	1
1182	571	1
1182	710	1
1183	559	1
1183	199	5
1184	751	1
1184	85	1
1185	1011	1
1185	208	1
1185	1161	1
1185	48	4
1186	520	1
1186	960	3
1186	281	1
1186	1523	3
1186	1458	3
1186	1524	1
1186	106	1
1186	1301	1
1187	278	2
1187	283	1
1187	1601	1
1188	1244	1
1188	257	2
1188	710	1
1189	285	5
1189	1467	3
118	42	1
118	721	2
118	1306	1
118	939	1
118	60	1
1190	1104	1
1190	376	1
1191	358	1
1191	1366	1
1192	1541	1
1192	360	1
1192	374	1
1193	802	1
1193	1512	3
1194	1452	2
1195	1012	2
1195	79	1
1196	383	1
1196	446	1
1196	39	1
1196	34	1
1197	18	1
1197	1014	1
1198	944	5
1198	1535	1
1199	264	1
1199	37	1
1199	1236	2
1199	1068	1
119	35	1
119	536	6
11	571	1
11	49	2
1200	21	1
1200	778	1
1200	1287	1
1200	362	1
1200	1279	1
1201	1489	1
1201	601	2
1201	1161	1
1202	635	1
1202	759	1
1203	248	1
1203	635	3
1203	247	1
1203	1173	2
1203	1280	1
1204	91	1
1204	1178	2
1204	300	1
1205	869	2
1205	874	2
1205	640	1
1206	464	1
1206	450	1
1207	1128	2
1207	1367	2
1207	1322	1
1208	1183	23
1208	1197	1
1208	259	1
1209	862	1
1209	1438	1
120	860	1
120	1037	1
120	1431	1
120	808	2
1210	578	1
1210	1525	2
1210	115	1
1211	1386	1
1211	8	1
1211	93	1
1211	195	2
1212	1259	5
1212	1244	1
1212	1519	2
1213	502	1
1213	1328	2
1213	232	3
1214	1024	1
1214	871	1
1214	570	1
1214	731	1
1215	777	3
1215	456	2
1216	426	1
1216	510	1
1216	931	2
1216	1432	1
1217	581	1
1217	1062	1
1217	908	3
1218	865	1
1218	181	1
1218	826	1
1219	937	1
1219	517	5
1219	82	4
1219	473	1
1219	277	1
121	225	1
121	959	2
1220	9	1
1220	794	1
1220	13	2
1220	1196	2
1221	1310	1
1221	723	1
1221	974	1
1221	966	1
1222	1186	1
1222	320	1
1222	785	1
1222	49	3
1223	672	1
1223	1159	1
1223	639	1
1224	643	1
1224	21	1
1225	596	3
1225	1389	1
1225	1543	1
1225	914	1
1226	560	1
1226	686	1
1226	908	1
1227	1201	1
1227	1099	1
1227	300	1
1227	635	1
1228	1578	1
1228	1267	1
1228	198	3
1228	49	1
1228	855	1
1228	838	1
1228	655	1
1229	673	3
1229	22	1
1229	1252	1
1229	1009	3
122	655	1
122	106	1
122	871	1
122	800	1
1230	739	1
1230	606	1
1231	1197	1
1231	473	1
1232	360	1
1232	151	1
1233	841	1
1233	1366	1
1233	48	4
1233	616	1
1234	742	1
1234	948	1
1234	403	5
1234	1444	1
1235	213	1
1235	674	1
1236	854	1
1236	800	1
1236	1137	1
1236	1075	1
1237	274	1
1237	954	4
1238	1281	1
1239	710	1
1239	218	1
1239	187	4
1239	81	3
1239	784	1
123	1161	1
123	1160	1
123	838	3
123	1544	2
1240	944	1
1240	391	1
1240	1605	1
1241	6	1
1241	656	1
1242	49	7
1242	1169	1
1242	236	2
1242	789	1
1242	721	1
1243	951	1
1243	440	2
1244	386	1
1244	446	1
1245	460	1
1245	545	1
1245	34	1
1245	176	1
1245	81	1
1245	705	1
1245	517	1
1246	174	1
1246	1166	1
1246	937	1
1247	244	1
1247	158	3
1247	33	1
1248	1242	1
1248	38	1
1249	1257	1
1249	1461	1
124	201	1
124	150	1
124	773	2
124	380	1
124	236	1
124	157	2
1250	426	1
1250	429	1
1251	973	1
1251	396	1
1251	166	1
1252	646	1
1252	949	1
1252	1513	1
1252	1418	1
1253	524	1
1253	686	1
1254	535	1
1255	48	1
1256	96	1
1256	656	1
1257	474	4
1257	970	4
1257	299	1
1257	766	7
1258	195	1
1258	800	1
1258	966	1
1259	490	1
1259	1086	7
1259	204	1
1259	436	1
125	91	2
125	1252	1
125	39	1
125	844	1
1260	151	1
1260	681	1
1261	37	1
1261	354	1
1262	449	1
1262	1286	1
1262	141	4
1262	909	1
1263	520	1
1263	454	1
1263	941	2
1263	433	5
1263	566	2
1264	132	1
1264	1455	1
1264	801	1
1265	74	1
1265	391	1
1265	96	1
1266	1130	2
1266	360	2
1266	179	1
1266	37	1
1266	1296	1
1266	48	6
1266	1173	1
1267	391	1
1267	46	1
1268	1311	1
1268	192	1
1268	666	1
1269	815	2
1269	1326	1
1269	1002	1
1269	228	1
1269	1460	1
126	1572	1
126	237	1
126	132	1
1270	1477	1
1270	209	2
1271	1116	1
1271	969	1
1272	666	2
1272	501	6
1272	985	1
1272	96	4
1273	1005	1
1273	703	1
1274	1240	1
1274	710	3
1274	703	1
1275	429	1
1275	153	1
1276	266	1
1276	260	1
1276	632	1
1276	297	1
1277	1057	1
1277	48	6
1277	164	25
1278	34	1
1278	153	1
1278	361	1
1278	140	1
1278	593	1
1279	559	1
1279	641	1
1279	264	1
1279	1473	1
1279	483	1
127	696	1
127	225	3
1280	652	1
1280	793	1
1280	1397	1
1280	1401	3
1280	1025	1
1280	1425	1
1280	836	1
1281	922	3
1281	800	1
1282	386	1
1283	375	1
1283	439	1
1284	1399	1
1284	604	1
1284	180	4
1284	710	1
1285	44	1
1285	111	1
1286	1201	1
1286	688	1
1286	272	2
1287	956	1
1287	1001	1
1287	402	1
1287	1251	1
1287	144	1
1287	544	2
1288	1217	1
1288	39	1
1288	765	1
1288	22	1
1289	72	1
1289	49	1
128	350	1
128	1472	1
128	753	1
1290	1019	1
1290	864	1
1290	288	1
1291	915	1
1291	769	1
1291	1110	1
1292	236	1
1292	157	1
1293	574	1
1293	1268	1
1293	1546	1
1293	644	1
1294	788	1
1294	184	1
1295	691	1
1295	41	2
1295	182	1
1295	1229	1
1296	426	1
1296	520	4
1296	141	2
1297	359	2
1297	422	2
1297	979	1
1297	710	1
1298	656	2
1298	791	1
1298	1150	1
1298	787	2
1299	1093	1
1299	567	1
1299	917	2
1299	580	1
1299	1339	1
1299	1148	2
129	176	1
129	944	7
12	1041	1
12	154	2
12	49	4
12	691	1
1300	73	3
1300	794	1
1300	429	1
1301	455	1
1301	737	1
1301	1257	1
1301	1263	1
1302	1126	1
1302	1402	1
1302	429	1
1303	496	1
1304	354	1
1304	723	1
1304	678	1
1304	748	3
1304	1598	1
1305	1356	1
1305	450	2
1306	456	1
1306	196	1
1307	1151	1
1307	852	1
1307	21	1
1308	8	1
1308	1101	1
1308	1258	1
1308	1277	1
1309	37	1
1309	280	1
130	220	1
130	741	1
130	48	1
1310	908	7
1310	1094	11
1311	474	3
1311	152	1
1312	277	1
1312	1034	2
1313	132	1
1313	1446	1
1314	168	1
1314	429	4
1314	1573	1
1315	196	1
1315	1360	1
1316	195	4
1316	699	8
1317	23	1
1317	638	1
1317	1205	1
1318	108	1
1318	1215	1
1319	419	1
1319	308	1
1319	737	1
1319	691	2
131	320	1
131	88	2
131	780	1
131	933	2
1320	359	7
1320	689	1
1320	13	3
1321	265	2
1321	184	1
1321	795	2
1321	401	1
1322	245	1
1322	463	1
1322	619	3
1323	1356	1
1323	1001	1
1323	440	1
1324	570	2
1324	779	1
1324	1577	1
1324	688	1
1324	261	1
1324	232	2
1324	28	1
1325	254	3
1325	1589	1
1325	527	2
1325	817	1
1326	639	3
1326	436	2
1327	49	3
1327	395	1
1328	49	1
1328	38	1
1328	39	1
1329	753	1
1329	1166	1
1329	794	2
132	337	1
132	1347	1
132	863	1
132	480	1
132	754	1
132	1164	1
132	22	1
1330	83	1
1330	96	1
1330	473	1
1331	710	1
1331	396	1
1331	1560	1
1332	151	1
1332	775	1
1332	1211	1
1333	165	1
1333	1087	7
1334	1211	1
1334	257	1
1334	1345	1
1335	214	1
1335	9	1
1336	668	1
1336	1209	1
1336	107	1
1336	1588	1
1337	939	2
1337	224	1
1337	1150	2
1337	764	1
1338	433	1
1338	705	1
1338	106	1
1339	1270	1
133	224	1
133	1296	1
133	986	1
1340	106	1
1340	471	1
1341	710	1
1341	93	1
1342	896	2
1342	739	1
1342	653	1
1342	195	1
1342	1123	1
1342	1007	1
1342	165	1
1342	123	1
1343	699	1
1344	106	1
1345	203	1
1345	1317	1
1345	433	2
1346	970	2
1346	306	1
1346	470	1
1346	583	1
1347	560	5
1347	336	1
1348	1032	1
1348	427	1
1349	593	1
1349	1060	1
1349	1324	1
1349	1135	1
1349	605	1
134	440	3
134	1435	1
134	1036	1
134	1398	1
1350	29	1
1350	403	1
1350	49	1
1351	944	3
1351	450	1
1352	747	1
1352	93	1
1353	390	1
1353	728	1
1353	419	1
1353	724	1
1353	429	2
1354	566	1
1354	763	1
1354	38	1
1355	49	2
1355	1443	1
1355	682	1
1356	28	1
1356	998	1
1356	510	1
1357	1205	1
1357	1266	1
1357	386	2
1357	68	2
1358	236	1
1358	1041	1
1358	1350	1
1358	606	9
1359	49	2
1359	688	2
135	1122	1
135	486	2
135	473	1
1360	297	1
1360	806	1
1360	168	1
1361	605	12
1361	763	7
1361	1110	2
1361	1205	1
1362	1534	1
1362	466	1
1362	737	1
1363	139	2
1363	546	1
1364	1168	1
1364	635	3
1365	429	1
1365	1395	1
1365	504	1
1366	21	2
1366	277	1
1366	91	1
1366	909	1
1367	1493	1
1367	887	1
1368	1355	1
1369	1568	1
1369	186	1
136	232	2
136	362	2
136	680	1
136	829	1
136	1166	2
136	1243	5
136	1113	1
136	177	18
136	633	8
136	1481	4
1370	515	3
1370	370	1
1371	1069	1
1371	9	1
1372	1553	1
1372	734	1
1373	345	2
1373	1106	1
1374	195	1
1374	276	1
1374	1081	3
1374	298	1
1375	431	1
1375	214	1
1375	631	1
1376	153	1
1376	154	1
1377	1076	1
1377	506	1
1377	1318	1
1378	192	1
1378	903	1
1378	49	1
1379	1058	1
1379	489	1
137	280	1
137	959	2
137	53	1
137	960	1
1380	922	1
1381	1094	2
1381	710	1
1382	319	1
1382	57	1
1382	291	1
1383	814	1
1383	514	1
1384	852	1
1384	232	1
1384	524	1
1385	1493	3
1386	49	3
1386	810	4
1386	454	20
1387	394	4
1387	1034	1
1388	267	1
1388	69	1
1388	829	1
1388	194	1
1388	49	1
1389	49	3
1389	16	3
138	825	1
138	106	1
138	1305	1
138	1397	1
138	537	1
138	999	1
138	845	2
138	417	19
138	243	1
138	44	1
138	141	5
1390	991	1
1390	952	2
1391	944	1
1391	96	1
1391	931	1
1392	1106	1
1392	24	1
1393	34	3
1393	697	1
1393	856	1
1393	1489	1
1394	710	1
1394	286	1
1394	260	1
1394	93	1
1394	1181	1
1394	1116	2
1394	605	2
1395	521	1
1395	949	4
1395	506	5
1395	560	1
1395	1436	3
1395	176	1
1395	203	1
1396	235	1
1396	588	1
1396	1409	1
1397	1330	1
1397	685	1
1398	474	1
1398	1360	1
1399	756	1
139	261	1
139	192	2
13	1076	1
13	1511	1
1400	897	1
1400	1411	1
1400	28	1
1401	987	2
1401	236	2
1402	1181	1
1402	1460	1
1402	870	1
1403	1309	1
1403	139	1
1403	1353	1
1404	1281	1
1404	659	1
1404	225	1
1405	287	1
1405	347	1
1405	599	1
1406	605	1
1406	426	2
1406	1435	1
1407	1447	1
1407	232	2
1407	49	4
1408	1023	1
1408	88	1
1408	1039	1
1408	1168	1
1408	687	1
1409	862	22
1409	34	1
140	525	1
140	799	1
140	1085	1
1410	575	3
1410	1159	2
1410	96	1
1410	186	2
1410	710	3
1411	1185	1
1412	691	1
1412	1087	1
1412	1236	1
1412	800	1
1413	1269	1
1413	1081	1
1414	1593	1
1414	140	1
1415	710	1
1415	337	1
1416	1217	1
1417	941	1
1417	418	2
1418	977	1
1418	1536	1
1418	560	1
1418	104	1
1419	750	2
1419	1141	3
1419	123	1
1419	473	1
141	263	1
141	81	1
141	1116	1
141	1411	1
1420	1600	1
1420	113	5
1420	108	1
1421	473	1
1421	1201	1
1421	1398	1
1421	106	1
1421	426	1
1422	182	1
1422	655	1
1422	509	1
1423	1373	1
1423	300	2
1424	208	1
1425	38	1
1425	39	1
1425	1116	1
1426	952	1
1426	491	1
1427	254	1
1427	810	1
1428	1574	1
1428	611	1
1429	1194	1
1429	1356	1
142	250	1
142	520	1
142	324	4
142	83	10
142	1281	1
142	1493	1
142	1443	1
142	350	1
142	266	1
142	41	1
142	245	1
1430	189	1
1430	204	1
1430	182	1
1431	257	1
1431	809	5
1432	495	1
1432	1582	4
1433	91	1
1433	1546	1
1434	636	1
1434	9	1
1434	48	1
1434	76	1
1435	1466	18
1435	48	1
1436	297	1
1436	1274	1
1436	1195	1
1437	140	1
1437	281	1
1437	1330	1
1438	225	1
1438	346	2
1439	34	2
1439	476	1
1439	122	1
1439	397	2
1439	429	3
1439	1019	1
1439	221	1
1439	1076	1
1439	60	2
143	1602	1
143	705	1
143	1599	1
143	637	1
143	1445	3
143	944	2
143	1337	1
143	1119	2
1440	601	2
1440	936	1
1440	1272	1
1440	1516	1
1441	1440	1
1441	1218	1
1441	122	4
1442	34	2
1442	168	3
1442	419	1
1442	649	1
1443	154	2
1443	295	4
1443	52	1
1443	1208	2
1443	272	1
1443	202	1
1443	1207	3
1443	296	3
1444	1576	1
1444	1184	1
1445	82	1
1445	625	1
1446	260	2
1446	79	1
1446	679	1
1446	1124	1
1447	328	1
1447	1538	1
1447	1171	1
1448	350	1
1449	348	1
1449	532	1
144	204	1
144	1254	1
144	1250	1
144	113	1
1450	500	1
1450	845	2
1451	994	1
1451	232	1
1452	280	2
1452	32	4
1452	412	1
1453	114	1
1453	632	2
1453	898	1
1454	1369	1
1454	1363	1
1454	49	1
1454	16	1
1455	297	1
1455	50	2
1456	348	1
1456	37	1
1456	121	2
1457	208	1
1457	152	1
1457	1449	1
1458	73	1
1458	800	1
1459	1571	1
1459	1572	4
1459	115	1
145	1036	1
145	31	1
145	1055	1
1460	122	1
1460	274	4
1460	939	12
1461	132	2
1461	760	1
1462	710	6
1462	1240	1
1462	93	2
1462	161	1
1463	877	1
1463	4	5
1464	501	2
1464	422	2
1464	1178	1
1465	893	1
1465	276	1
1466	82	4
1466	170	4
1467	737	1
1467	710	1
1467	1018	1
1468	309	8
1468	1311	3
1468	38	1
1469	1486	1
1469	1208	1
1469	80	1
146	219	1
146	48	1
146	771	2
146	1375	1
1470	49	5
1470	632	1
1471	171	1
1471	49	1
1472	1561	1
1472	274	1
1473	866	1
1473	1567	1
1473	464	1
1474	266	2
1475	649	1
1475	1103	1
1475	554	1
1476	753	1
1476	110	1
1477	929	1
1478	1365	1
1478	185	1
1478	46	1
1478	121	1
1479	794	2
1479	105	1
147	1079	1
147	133	2
1480	1324	1
1480	122	1
1481	1461	2
1481	115	1
1482	257	2
1482	422	2
1482	1414	1
1482	140	1
1483	261	4
1483	714	1
1484	1003	1
1484	311	1
1485	928	1
1485	367	1
1486	1471	1
1487	37	1
1487	844	1
1488	68	1
1488	49	1
1489	1419	1
1489	40	4
1489	176	13
148	1343	1
1490	632	1
1490	49	13
1490	463	1
1491	1485	1
1491	58	1
1491	1072	1
1492	678	1
1492	476	2
1493	8	2
1493	187	1
1493	1308	1
1493	7	1
1494	391	1
1494	655	1
1495	1336	5
1495	826	1
1496	1242	1
1496	396	1
1496	812	3
1496	1012	1
1496	1075	5
1497	195	1
1498	968	1
1498	1303	1
1499	896	1
1499	1294	1
1499	38	1
149	257	2
149	1399	1
14	596	3
14	253	1
14	585	6
14	1603	1
14	69	14
1500	745	2
1500	570	1
1501	1187	1
1501	13	1
1501	56	1
1502	1071	1
1502	1160	3
1502	804	5
1502	818	1
1503	343	1
1504	208	1
1504	5	1
1505	157	4
1505	65	1
1505	1363	2
1505	1239	1
1506	520	1
1506	49	1
1506	81	1
1507	1023	1
1507	280	2
1508	431	1
1508	1318	1
1509	923	1
150	911	2
150	265	2
150	429	1
150	1330	1
150	610	1
150	9	1
150	221	1
150	471	1
1510	782	1
1510	737	54
1510	426	2
1511	1406	2
1511	49	1
1512	740	1
1513	1464	1
1513	1416	1
1514	1096	1
1514	815	1
1515	500	1
1515	1135	1
1515	6	1
1516	720	2
1516	180	1
1517	1007	1
1517	254	1
1517	653	1
1517	176	1
1517	656	1
1518	141	1
1518	923	2
1518	266	1
1518	106	1
1518	649	1
1519	139	1
1519	674	14
1519	1443	1
151	588	2
151	48	1
151	62	1
151	692	1
151	1075	3
1520	705	1
1520	774	1
1520	154	1
1520	119	1
1520	710	1
1520	214	1
1520	1391	1
1521	1307	4
1521	575	1
1522	152	1
1522	49	3
1523	728	1
1523	41	1
1524	640	1
1524	937	1
1525	140	1
1525	796	1
1526	1157	1
1527	1053	1
1527	37	1
1528	20	1
1528	106	1
1528	157	2
1529	106	1
1529	153	1
1529	176	1
1529	49	2
152	861	1
152	501	2
152	1209	3
1530	195	1
1530	365	1
1531	264	1
1531	779	1
1532	129	1
1532	213	1
1532	49	1
1533	802	2
1533	1237	1
1534	1155	1
1534	277	6
1535	446	1
1535	38	1
1535	227	1
1535	1411	1
1536	75	1
1536	1251	2
1536	278	1
1537	390	1
1537	34	1
1537	1106	1
1538	171	1
1538	331	1
1538	205	1
1538	336	3
1539	95	2
1539	190	1
1539	1067	2
1539	49	3
153	793	1
153	682	1
153	49	1
153	38	1
1540	1126	1
1540	1519	1
1540	620	2
1541	122	2
1542	266	1
1542	1346	1
1543	440	2
1543	502	1
1543	722	1
1544	1052	1
1544	543	1
1545	871	1
1545	1464	2
1546	426	1
1546	49	1
1546	213	1
1546	1430	1
1547	1303	1
1547	281	1
1548	1467	2
1548	49	9
1548	956	1
1548	1178	1
1549	817	1
1549	255	1
1549	6	1
154	696	1
154	48	4
154	677	1
154	901	1
1550	376	1
1550	283	1
1550	619	1
1551	1131	1
1551	121	1
1551	825	1
1551	1070	1
1552	725	2
1552	510	2
1552	190	1
1552	409	1
1552	1207	1
1553	537	1
1553	756	1
1553	1081	1
1554	537	1
1554	231	1
1555	728	1
1555	49	1
1556	669	2
1556	1475	2
1556	54	1
1557	38	2
1558	705	1
1558	277	1
1558	362	1
1558	16	1
1559	96	1
1559	855	1
155	1108	1
155	205	3
155	216	2
1560	639	1
1560	478	1
1560	49	5
1561	392	1
1561	1171	1
1561	872	1
1562	1230	1
1562	898	1
1562	277	1
1563	280	1
1563	132	1
1564	254	2
1564	617	1
1565	1426	1
1565	273	1
1565	930	1
1565	917	3
1565	56	1
1566	48	1
1566	196	1
1567	335	1
1567	604	1
1568	159	1
1568	14	1
1568	49	1
1568	967	1
1569	540	7
1569	1076	1
156	473	1
156	1241	1
1570	1326	1
1570	137	1
1570	115	1
1571	625	2
1571	575	3
1572	48	2
1572	816	1
1572	220	1
1573	176	2
1573	153	1
1573	397	1
1574	119	1
1574	500	1
1574	317	1
1574	607	1
1574	696	1
1574	331	3
1575	1435	1
1575	38	1
1576	131	4
1576	1524	1
1576	556	1
1576	153	3
1577	914	3
1577	712	1
1578	189	1
1578	281	1
1579	478	1
1579	465	2
1579	122	1
1579	37	1
157	1283	2
157	144	1
157	256	1
1580	136	1
1580	266	1
1581	710	1
1581	1136	1
1581	1350	1
1582	967	1
1582	106	6
1583	710	1
1583	407	1
1583	514	1
1583	1106	2
1584	857	1
1584	157	1
1584	642	1
1585	1108	2
1585	1106	1
1586	944	1
1586	144	1
1586	611	1
1587	491	1
1587	873	1
1588	81	1
1588	96	2
1588	203	1
1589	638	1
1589	933	1
1589	34	1
158	698	1
158	29	16
158	450	1
158	221	1
1590	439	1
1590	909	1
1591	1586	1
1591	700	1
1591	591	1
1591	1338	1
1591	437	1
1592	204	1
1592	700	1
1593	1380	1
1593	176	1
1594	1160	2
1594	165	3
1594	192	1
1594	1166	1
1595	932	1
1595	1250	1
1595	883	2
1596	89	2
1596	800	3
1596	153	1
1597	731	1
1597	1397	1
1598	192	3
1598	261	1
1598	524	1
1598	1326	1
1599	1406	1
1599	763	1
1599	605	3
159	1370	1
159	678	3
159	34	1
159	597	1
159	1084	1
159	349	2
159	1266	1
159	1035	1
159	1477	1
15	931	1
15	739	1
1600	525	1
1600	475	1
1600	31	1
1601	1116	1
1601	976	1
1602	690	1
1602	37	1
1603	682	3
1603	1462	1
1604	501	1
1604	1209	1
1605	354	1
1605	712	3
1606	605	1
1606	800	2
1606	1058	1
1607	894	1
1607	947	1
1608	156	1
1608	1442	1
1609	475	1
1609	1360	1
160	100	13
160	585	7
160	1017	1
160	99	8
160	145	1
1610	1112	1
1610	137	1
1611	297	1
1612	673	1
1612	225	1
1613	4	1
1614	1116	2
1614	203	1
1615	133	1
1615	501	1
1616	1172	1
1616	265	1
1616	1078	2
1617	254	1
1617	691	1
1618	751	1
1618	1417	1
1619	1332	1
1619	719	2
1619	405	1
1619	542	1
161	41	1
161	49	3
161	1255	2
161	1104	3
161	245	1
161	1422	5
161	53	3
1620	462	1
1620	1138	1
1621	463	1
1621	141	1
1621	734	1
1622	119	2
1622	80	1
1623	457	1
1623	307	2
1624	520	1
1624	350	1
1625	815	1
1625	465	1
1626	1395	1
1626	1316	1
1627	9	1
1627	398	1
1628	1051	1
1628	44	1
1629	446	1
1629	277	2
1629	261	1
162	473	2
162	605	2
162	1009	1
162	681	6
1630	1161	1
1630	4	1
1630	1521	1
1631	429	3
1631	728	1
1632	214	1
1632	93	1
1633	32	1
1634	907	1
1634	1473	2
1635	843	2
1635	1007	1
1635	517	1
1635	232	2
1636	1425	1
1636	232	4
1636	1235	1
1636	836	1
1637	153	1
1637	189	1
1637	140	1
1638	1537	1
1638	923	1
1639	232	1
1639	280	1
163	1221	2
163	182	2
1640	484	1
1640	802	1
1641	114	1
1641	963	1
1642	1091	1
1642	238	1
1643	455	1
1643	132	2
1644	855	1
1644	1103	1
1645	1239	1
1645	579	2
1645	1135	1
1646	1249	1
1646	1313	2
1647	3	1
1647	83	1
1648	1380	7
1648	37	1
1649	1600	1
1649	144	1
164	121	1
164	1480	1
1650	189	1
1650	491	1
1651	1106	1
1651	693	1
1652	1088	1
1652	1152	1
1653	1082	1
165	1211	1
165	1178	1
165	1284	1
165	1227	4
166	1463	1
166	555	1
166	106	1
166	486	1
167	216	1
167	699	2
167	50	1
167	1391	1
167	291	1
168	48	3
168	800	1
168	25	1
169	840	1
169	1368	1
16	547	1
16	328	2
16	1033	1
16	1223	1
16	49	2
170	1596	1
170	844	1
170	293	1
171	112	1
171	812	6
171	582	1
171	272	1
171	926	1
172	38	1
172	691	3
172	214	1
172	28	1
173	1242	1
173	38	1
173	790	1
174	108	1
174	1538	2
175	44	1
175	34	1
176	122	3
176	204	1
176	233	5
176	41	1
176	1098	1
176	6	1
176	7	1
176	1351	1
177	831	1
177	1487	1
177	295	1
177	1484	4
177	1460	1
177	82	1
178	369	1
178	232	1
178	1195	1
178	800	2
179	984	1
179	132	9
179	1220	1
179	144	1
179	797	4
179	1024	3
179	871	3
17	882	1
17	96	10
180	104	1
180	369	1
180	411	1
180	475	1
181	254	2
181	1079	1
181	857	1
181	383	1
182	838	1
182	1028	7
182	137	1
183	72	1
183	317	2
183	366	1
183	182	1
183	669	1
183	1096	1
183	1405	1
183	1419	1
183	638	1
183	1437	1
184	776	1
184	481	1
184	49	1
185	10	1
185	583	7
185	235	1
185	602	1
185	474	2
185	270	1
186	410	1
186	1170	1
187	57	1
187	60	1
188	855	1
188	649	1
188	1591	1
188	1248	1
188	964	1
189	214	1
189	185	4
189	987	3
189	408	2
189	49	3
189	236	1
189	1357	2
18	651	5
18	49	4
18	236	1
18	1002	1
190	49	2
190	510	2
191	500	2
191	1254	1
191	965	6
191	486	3
192	444	1
192	1503	1
192	687	1
192	282	8
192	846	1
192	1168	2
192	800	3
192	265	2
192	558	1
192	106	1
193	187	1
193	79	1
193	49	2
193	669	1
194	157	1
194	203	1
194	41	1
194	270	1
195	48	1
195	565	7
196	271	1
196	1328	1
196	671	1
196	455	1
197	93	1
197	547	6
198	49	2
198	1477	1
198	571	2
199	1111	3
199	669	1
199	934	1
19	473	1
19	383	1
19	403	6
19	687	1
1	691	1
1	612	1
1	1505	1
200	1131	1
200	863	1
200	789	1
200	254	12
200	521	2
200	189	1
201	890	2
201	288	1
201	1247	1
201	732	1
201	1490	1
201	1196	2
201	140	1
201	1420	1
202	21	1
202	427	1
202	908	1
202	1178	1
203	649	1
203	584	3
203	827	49
203	637	1
203	531	1
203	48	1
203	809	2
204	119	4
204	236	8
204	568	2
204	227	1
204	1419	1
204	221	2
204	1357	1
204	745	1
204	780	3
204	137	4
204	106	1
204	363	1
204	1351	1
204	445	1
205	871	3
205	1253	1
205	678	1
205	944	4
205	391	10
205	863	1
205	157	1
205	80	1
205	1555	1
205	1047	1
206	397	1
206	1445	1
206	1457	1
206	300	1
206	35	1
206	839	7
206	1184	1
206	1183	1
206	1227	1
207	1257	1
207	391	1
207	96	1
207	257	1
207	1324	1
207	1029	1
207	192	36
208	48	1
208	164	3
208	1416	1
208	49	10
209	450	3
209	687	1
209	422	1
209	1188	6
20	1414	5
20	877	1
20	164	1
210	153	2
210	254	1
210	13	1
211	136	1
211	470	3
211	1267	1
212	1317	2
212	405	1
213	370	2
213	427	1
213	470	5
213	935	1
213	500	1
213	172	1
214	37	2
214	586	2
215	443	1
215	540	1
215	50	2
215	1237	1
215	1209	3
216	1473	1
216	286	1
217	626	1
217	391	1
217	1346	1
217	153	1
217	684	1
217	394	1
217	189	7
217	510	2
217	1154	1
217	445	2
218	946	1
218	494	1
219	945	3
219	122	1
219	883	1
219	1570	1
21	1217	1
21	1252	1
21	254	1
21	671	1
21	1181	1
220	577	12
220	237	3
220	100	1
220	145	1
220	109	1
220	340	1
220	932	1
220	1022	1
220	131	9
220	1208	7
220	1460	3
220	431	1
220	1042	1
220	361	5
220	236	4
220	1416	2
220	1036	1
220	1066	1
221	49	3
221	53	1
221	1128	1
222	180	5
222	800	2
222	998	2
222	12	2
223	324	1
223	953	1
224	900	1
224	1167	1
224	387	1
224	459	2
224	1383	2
224	481	1
224	18	1
225	781	1
225	713	2
225	954	1
225	141	1
226	725	3
226	1154	1
226	1508	1
227	37	1
227	195	1
227	1518	1
228	1536	1
228	153	1
228	1601	1
229	1181	1
229	684	1
229	1493	5
22	422	3
22	933	1
22	510	2
22	429	1
22	1282	1
230	436	2
230	0	1
230	313	1
230	1569	1
230	48	1
231	1115	2
231	1098	1
232	793	1
232	48	3
232	1605	1
233	419	1
233	454	1
233	62	1
233	1293	1
233	625	1
234	549	1
234	267	1
235	236	2
235	565	1
236	168	1
236	232	1
236	857	1
236	176	2
236	1050	1
236	91	1
237	721	1
237	876	3
238	656	1
238	214	1
238	35	1
238	331	1
238	1369	2
238	271	1
239	256	1
239	337	1
239	656	1
239	254	4
239	49	1
239	216	1
23	254	3
23	817	2
23	518	1
23	1224	1
23	213	1
23	1352	1
23	800	1
23	91	1
240	1531	1
240	434	1
241	506	5
241	731	1
241	722	1
241	478	2
242	1347	1
242	1478	1
242	1573	1
243	1219	2
243	1459	1
243	362	1
244	1002	1
244	1076	2
244	320	3
245	79	11
245	311	1
245	856	2
245	589	4
246	297	2
246	323	2
246	1495	3
246	1411	1
246	163	2
246	34	2
246	398	1
246	824	1
247	203	4
247	1370	1
247	1544	1
247	106	1
247	896	1
247	326	1
247	800	2
247	710	3
248	1428	1
248	454	1
248	239	1
248	1068	1
249	1040	1
249	187	1
249	1248	1
24	444	2
24	42	3
24	137	1
24	348	9
24	82	14
24	62	1
250	28	1
250	300	9
250	564	1
250	473	1
250	1434	1
251	674	1
252	684	1
252	360	1
252	297	3
252	863	5
252	244	4
252	1592	1
252	1196	1
252	254	3
252	792	2
253	395	1
253	38	1
253	1136	1
253	710	2
253	800	1
254	1498	1
254	1405	3
254	967	4
255	48	2
255	1555	2
255	222	1
255	863	1
255	175	1
255	296	1
255	3	1
255	491	1
255	189	1
256	440	1
256	1005	1
256	882	1
257	674	1
257	827	1
257	1034	2
257	258	19
258	472	1
258	176	3
258	782	1
259	171	1
259	793	1
259	164	8
259	1608	1
259	1370	1
25	224	1
25	814	1
25	18	1
25	187	1
25	209	1
260	766	3
260	619	1
260	1330	2
260	1521	1
260	1397	1
261	1539	1
261	703	1
261	101	1
262	32	1
262	1517	1
263	1084	1
263	58	1
263	49	3
264	49	2
264	1485	1
264	1137	1
264	694	1
264	883	1
265	219	1
265	1424	1
265	579	1
265	1359	1
266	951	1
266	1456	1
266	122	1
267	608	1
267	1280	1
267	1507	1
267	1281	1
267	1075	1
268	789	1
268	244	1
269	38	1
269	49	18
269	570	6
269	42	8
269	639	1
269	866	1
269	1267	1
26	901	2
26	153	1
26	296	1
26	1364	1
26	899	2
26	281	1
26	189	1
270	260	3
270	232	1
271	922	1
271	650	1
272	369	3
272	1002	3
272	320	2
272	501	1
272	248	3
273	1229	1
273	1454	1
274	429	1
274	463	1
274	449	1
274	705	3
274	271	1
275	53	26
275	245	4
275	1571	1
276	360	2
276	446	2
276	349	1
277	1459	1
277	1355	2
277	1558	2
277	1058	1
278	37	2
278	461	1
278	297	2
279	362	1
279	792	1
279	514	8
279	280	3
279	419	1
279	34	2
279	90	1
279	91	1
279	1384	1
27	266	1
27	862	1
27	531	3
27	550	1
27	353	2
280	178	2
280	1422	1
280	1415	1
280	4	1
281	1377	1
281	879	1
281	49	9
281	1370	3
281	58	20
281	235	4
281	119	5
281	800	3
282	1580	2
282	1121	1
282	232	2
282	1334	1
283	793	1
283	20	1
283	1457	1
284	291	1
284	244	12
284	1516	1
284	1153	1
284	50	1
284	1452	1
284	35	1
284	1461	1
284	1051	1
284	49	4
284	119	4
285	523	1
285	748	1
285	1595	1
285	614	1
286	665	9
286	710	1
286	713	1
286	274	3
287	1498	2
287	473	1
288	608	1
288	937	1
289	463	3
289	207	4
289	168	5
289	687	3
289	93	5
289	252	5
289	51	1
289	415	5
289	205	15
289	1158	2
289	1102	1
289	200	1
289	25	1
289	294	1
289	964	1
289	43	3
289	1310	2
289	667	1
289	866	1
289	103	1
289	584	2
289	257	1
289	297	1
289	966	1
289	800	1
289	1145	2
289	157	2
289	236	2
28	36	1
28	1366	1
290	1069	1
290	132	1
290	1173	1
290	433	1
291	49	4
291	4	2
291	216	1
291	1192	1
291	1425	1
291	495	1
291	286	1
291	965	13
292	1324	1
292	1198	1
292	1041	1
292	244	1
292	561	5
292	62	1
293	277	1
293	270	1
294	205	1
294	684	3
294	931	1
294	422	2
295	289	1
295	1007	1
295	419	1
296	347	1
296	277	1
297	495	1
297	48	2
297	153	1
297	213	6
297	1407	1
298	49	1
298	727	1
298	429	1
298	485	2
298	909	1
299	711	1
299	1406	1
299	1538	1
29	154	1
29	486	1
29	1556	1
29	1283	3
2	682	1
2	1102	1
300	344	1
300	49	3
300	154	1
301	678	1
301	387	1
302	272	1
302	132	1
303	733	1
303	558	27
304	735	1
304	351	1
304	945	1
305	300	1
305	1457	1
305	254	1
305	1247	1
305	1234	1
305	91	1
305	390	1
306	125	3
306	44	1
306	132	1
306	1042	2
306	1566	1
306	141	2
306	533	2
306	520	4
306	232	2
307	235	1
307	404	1
307	216	2
307	912	3
307	106	6
307	281	2
308	991	1
308	122	1
308	49	3
309	108	1
309	232	1
309	896	1
309	1097	2
30	1170	1
310	98	2
310	429	1
311	89	2
311	122	1
311	360	2
311	50	3
311	632	1
311	576	1
312	192	1
312	220	3
312	266	1
312	868	1
313	1053	1
313	959	1
314	1344	1
314	1117	1
314	612	1
315	1337	1
315	43	1
316	106	2
316	153	1
316	1523	1
316	1190	1
316	549	1
317	1357	1
317	613	1
317	621	1
317	1119	3
317	1279	1
317	1520	1
317	977	1
318	73	2
318	325	1
319	634	1
319	756	1
319	186	1
319	862	1
319	408	3
31	1410	1
31	967	1
31	281	14
31	913	2
31	1004	1
31	665	5
31	361	3
31	1414	1
31	1341	1
31	116	2
320	1479	2
320	1002	1
320	722	1
320	141	1
320	623	2
320	459	2
321	727	1
321	2	1
321	699	1
321	1276	3
322	974	1
322	1077	1
322	1478	2
322	800	1
322	837	1
322	980	1
323	74	1
323	1258	1
323	48	1
323	841	2
323	931	1
323	368	1
323	684	1
323	832	1
324	276	2
324	97	1
325	635	1
325	422	2
325	644	2
325	174	2
325	1336	1
325	151	2
325	662	1
326	48	1
326	178	1
327	61	4
327	253	2
327	1297	12
327	888	1
328	505	2
328	208	1
329	411	1
329	89	1
329	1372	1
32	261	2
32	217	2
32	224	1
32	736	1
32	631	1
330	768	1
330	132	1
331	1512	1
331	627	1
331	429	1
332	1562	1
332	651	2
332	1216	1
333	154	1
333	232	2
333	517	1
333	1550	2
334	1315	1
334	1534	1
335	106	1
335	765	1
336	966	1
336	80	3
336	712	1
336	245	5
336	49	4
337	951	1
337	9	1
337	79	1
338	1017	1
338	1233	6
338	422	1
338	1068	1
339	1231	2
339	232	1
339	383	1
339	163	1
33	153	1
33	336	1
33	208	1
33	1452	1
33	800	1
340	1145	3
340	180	1
340	720	1
341	754	1
341	684	1
341	922	2
341	29	3
341	752	1
342	800	3
342	632	4
342	380	1
342	249	6
342	158	1
343	1102	1
343	214	1
344	268	1
344	553	2
345	604	1
345	81	1
346	49	3
346	266	1
347	1582	1
348	1173	1
348	24	1
348	106	1
348	1334	2
348	429	1
348	679	1
349	285	3
349	154	1
349	1401	1
349	153	1
349	1556	1
349	559	8
349	857	1
349	200	1
349	1341	3
349	1099	1
34	1	1
34	266	1
350	422	2
350	979	1
350	35	1
351	1292	1
351	106	1
351	249	1
352	1242	1
352	37	1
352	297	3
352	632	2
352	800	3
353	257	1
353	96	1
353	1421	2
353	410	3
353	882	1
354	1433	2
354	1102	1
354	192	1
354	261	1
354	901	2
354	686	1
354	637	4
354	274	2
354	248	3
355	572	2
355	512	1
356	612	1
356	944	1
356	473	1
357	721	1
357	369	4
358	106	5
358	1465	1
358	236	3
358	183	1
358	712	1
358	136	2
358	404	4
358	416	1
358	734	4
358	688	1
359	429	1
359	916	1
35	935	4
35	235	5
35	491	1
35	933	1
35	296	1
35	53	1
35	974	1
35	1080	1
35	1414	1
35	1521	1
360	635	1
360	1002	1
360	1181	1
360	620	1
360	1311	1
361	597	1
361	745	12
361	800	1
361	190	2
361	404	1
361	835	1
361	710	6
361	304	8
361	276	1
362	166	3
362	332	1
362	1269	1
363	121	3
363	958	1
363	142	1
363	1101	2
363	71	1
363	81	1
363	510	1
364	764	1
364	232	1
365	192	1
365	1159	1
365	588	9
365	435	1
366	48	1
366	254	2
366	250	1
366	470	2
366	1061	1
366	1439	1
367	293	1
367	428	2
368	812	1
368	783	1
368	1562	1
368	942	1
369	384	2
369	976	1
369	620	1
369	877	1
36	49	2
36	681	1
36	446	3
370	91	1
370	1216	1
370	745	1
370	105	1
371	1101	1
371	760	1
371	131	2
371	481	1
371	8	1
371	296	1
372	605	1
372	710	1
372	902	1
373	470	5
373	655	1
373	446	1
373	865	5
373	822	1
374	1046	1
374	883	1
375	1547	1
375	1323	3
376	1136	3
376	1225	1
376	800	7
376	277	2
377	932	1
377	179	1
377	777	1
378	169	1
378	687	3
378	632	1
378	471	1
379	1430	1
379	696	1
379	803	1
379	785	1
37	21	2
37	360	1
37	49	11
37	1035	2
380	446	1
380	1247	1
380	1439	3
380	290	1
380	605	1
380	473	1
380	637	2
380	336	1
380	597	1
380	814	2
380	106	2
380	136	1
380	1420	1
380	521	1
381	62	1
381	96	2
381	667	2
381	266	4
381	935	2
381	1441	2
381	119	5
381	236	1
382	1324	1
383	153	1
383	1193	2
383	807	11
383	1337	1
384	429	1
384	474	1
384	48	1
384	1182	1
384	479	1
385	822	1
385	34	4
386	1386	1
387	50	1
388	890	3
388	248	1
388	544	1
388	1258	1
388	254	5
388	6	1
389	649	2
389	462	1
389	1339	1
389	607	1
389	872	1
38	704	1
38	91	1
38	208	2
38	93	1
38	205	1
38	1242	1
38	1407	1
390	501	1
390	360	1
390	96	6
391	1154	1
391	140	1
391	71	2
391	212	3
392	507	1
392	1245	1
393	915	1
393	509	1
394	1184	1
394	431	1
395	94	1
395	799	1
396	1537	1
396	1192	1
396	475	4
397	1450	1
397	1204	1
397	675	1
397	1022	1
397	192	2
397	1302	1
397	1420	2
397	1058	2
398	81	1
398	46	1
399	341	1
399	291	1
39	1250	2
39	38	2
39	1116	1
3	862	1
3	21	1
400	1145	1
400	1041	1
401	57	1
401	106	3
401	456	1
402	433	1
402	722	2
403	1313	1
403	97	1
403	391	5
403	449	2
404	1251	1
404	270	1
404	975	1
404	232	1
404	800	7
405	270	1
405	687	1
406	1470	1
406	254	3
406	800	1
406	37	1
407	379	1
407	1575	1
407	354	1
407	1068	1
408	49	3
408	48	1
408	663	2
408	1209	1
408	1372	1
408	966	1
409	682	1
409	284	1
409	1244	1
409	277	1
409	1520	1
40	132	3
40	21	1
410	37	2
410	124	1
411	622	2
411	161	2
412	396	2
412	1238	1
413	1483	1
413	192	2
414	331	2
414	453	4
414	1313	1
415	153	1
415	217	1
415	220	1
415	261	1
415	989	1
416	248	1
416	1199	1
416	1181	1
416	440	1
416	607	2
417	445	1
417	132	3
417	271	1
417	721	12
417	1521	1
417	1401	1
417	647	1
417	49	9
417	873	1
417	176	33
417	1522	1
418	559	1
418	1063	2
419	1183	1
419	176	1
419	152	1
419	157	3
41	1111	1
41	1353	2
41	588	19
420	711	1
420	1223	1
420	812	1
421	882	1
421	726	2
421	1152	1
422	185	1
422	834	1
422	1056	1
422	364	1
422	1216	5
422	205	1
422	1504	1
422	668	1
423	84	2
423	49	5
423	8	2
423	48	4
424	1461	1
424	37	2
424	122	3
424	676	6
424	280	1
424	433	1
424	752	4
425	933	2
425	395	1
426	83	1
426	337	1
427	1323	1
427	29	14
427	446	1
428	1540	2
428	297	1
428	49	1
429	25	3
429	1411	2
429	362	1
429	351	1
429	511	1
429	266	2
429	766	12
429	257	2
42	57	2
42	870	2
42	656	1
42	831	1
42	625	1
42	841	2
42	442	1
42	157	1
430	486	1
430	331	1
430	204	1
430	319	4
430	991	1
430	464	1
430	147	11
430	479	2
430	490	47
430	597	1
430	1218	1
431	1429	1
431	1587	1
431	391	1
431	1593	1
432	616	3
432	153	1
432	786	1
433	619	1
433	30	1
433	1557	1
433	213	2
433	154	3
433	960	3
433	1144	4
433	1068	1
433	49	3
434	391	1
434	896	1
435	259	1
435	926	1
435	966	1
435	1164	1
436	3	1
436	1289	1
436	505	1
437	1255	3
437	49	2
437	590	1
437	1460	1
438	429	1
438	581	1
438	195	1
439	800	1
439	478	1
439	575	1
439	632	14
439	964	9
439	1266	1
439	1338	6
43	274	1
43	737	1
43	218	1
440	561	2
440	1407	1
440	475	3
441	1574	1
441	683	1
442	878	1
442	473	1
442	247	1
442	419	1
443	890	1
443	517	1
443	153	1
443	828	1
444	119	2
444	1112	1
444	1530	1
444	1143	1
445	232	6
446	926	1
446	1192	2
446	232	2
447	13	4
447	1498	1
447	1006	1
448	1502	1
448	133	1
449	1002	1
449	587	1
449	728	4
449	779	11
449	188	1
44	296	1
44	331	4
44	959	1
44	4	4
44	157	2
44	709	1
44	486	12
44	48	1
44	1414	1
450	605	1
450	132	1
450	662	1
450	571	3
451	460	2
451	194	2
451	478	1
452	41	1
452	1538	1
452	565	6
452	154	1
453	232	1
453	1106	1
453	122	1
454	121	1
454	343	1
455	101	6
455	50	1
455	305	1
455	1563	1
456	1230	1
456	1575	1
456	478	1
457	16	3
457	1175	1
457	122	33
458	163	1
458	516	1
458	1217	1
459	735	1
459	981	1
459	4	2
459	72	1
459	327	1
459	400	1
45	491	1
45	266	2
45	80	3
45	517	2
45	54	4
45	935	4
45	157	1
45	361	1
45	1537	1
45	123	1
45	162	1
460	589	1
460	909	1
460	1011	2
461	788	1
461	1081	1
461	1209	1
462	666	1
462	1471	3
462	778	1
462	809	1
463	57	5
463	282	1
463	1605	1
463	1256	1
463	1420	1
464	194	1
464	478	1
464	1158	1
464	62	8
464	725	1
464	705	4
464	106	4
464	944	2
465	214	1
465	202	1
465	480	2
465	112	25
465	190	3
466	1087	2
466	575	5
466	234	2
466	286	1
466	267	2
467	321	1
467	235	2
467	1035	1
468	940	1
468	1529	1
468	1367	1
469	419	2
469	549	1
46	891	1
46	158	1
46	171	1
46	245	1
470	800	1
470	49	1
470	13	1
470	901	1
470	1478	1
470	161	1
470	38	1
471	343	1
471	195	1
471	180	8
471	179	4
471	444	1
471	388	2
471	781	1
472	192	1
472	182	1
473	48	1
473	766	1
473	831	1
473	245	3
474	49	2
474	16	1
474	374	1
474	227	1
474	993	2
475	494	1
475	1108	1
476	857	1
476	1144	1
476	49	1
476	894	1
476	69	2
476	2	1
476	283	1
476	408	2
476	920	1
476	22	1
476	1030	1
477	355	6
477	163	1
478	1427	25
478	1135	1
479	448	1
479	1562	1
47	824	1
47	277	2
47	562	3
47	947	1
47	446	6
47	710	3
47	867	1
47	1153	1
480	311	2
480	798	2
480	85	1
480	440	1
481	800	1
481	360	1
481	49	7
482	1268	1
482	1167	1
482	1111	1
483	671	1
483	1493	7
484	309	1
484	518	1
485	203	5
485	655	1
485	235	7
485	537	1
485	244	2
485	1526	1
485	98	2
485	429	1
486	754	11
486	625	1
487	57	2
487	153	1
487	361	1
487	154	1
487	112	15
487	1492	1
487	792	2
488	16	3
488	1339	1
488	445	4
489	34	1
489	964	1
489	992	1
489	1486	1
489	402	1
489	267	1
48	807	1
48	1313	1
48	106	1
490	23	1
491	885	1
491	48	4
491	617	1
491	1295	1
492	680	2
492	783	1
492	686	1
492	257	7
492	919	1
492	447	1
492	182	1
492	944	1
492	343	4
492	435	28
492	867	1
493	486	3
493	32	1
493	37	1
494	232	2
494	195	1
495	34	2
495	35	1
495	1006	1
496	563	1
496	359	5
496	422	8
496	537	1
496	637	1
496	825	11
496	281	9
496	1593	1
497	870	1
497	1286	1
498	154	1
498	295	3
498	432	1
498	416	1
498	1377	1
499	1427	2
499	49	1
499	89	1
49	1445	1
49	185	3
49	1056	1
49	1434	1
49	1116	1
4	490	2
4	486	4
4	40	1
500	992	1
500	343	1
500	535	1
500	38	1
501	667	1
501	540	2
502	319	1
502	468	1
503	567	1
503	106	3
503	707	3
503	740	1
503	542	1
503	153	3
503	491	1
504	360	2
504	1021	1
504	35	1
504	649	1
504	656	1
504	241	38
505	1080	2
505	320	1
505	1138	1
506	382	1
506	208	1
506	593	1
507	1505	1
507	801	1
508	1289	1
508	931	1
509	981	1
509	964	1
509	168	1
509	49	7
50	1041	1
50	1017	1
510	627	3
510	672	1
511	429	2
511	1293	1
511	1252	1
511	617	2
512	689	3
512	1125	1
512	859	1
513	1135	1
513	48	1
513	383	1
513	1543	1
514	710	2
514	966	2
514	205	1
514	1444	7
515	1143	1
515	1063	1
515	1099	1
515	946	1
516	920	1
516	831	1
516	663	4
516	695	1
516	176	1
516	349	1
517	1593	1
517	282	1
517	655	1
518	236	1
518	157	1
518	726	1
519	1304	1
519	437	1
519	642	1
519	1324	2
519	473	1
519	219	1
51	53	1
51	175	1
520	999	1
520	134	14
520	1198	1
520	720	1
521	699	1
521	986	1
522	478	15
522	162	2
522	124	1
522	1176	1
522	893	1
522	362	1
523	627	1
523	455	1
523	947	1
523	1036	1
523	983	5
523	255	1
523	429	2
524	1145	1
524	93	3
524	920	3
525	671	1
525	519	1
526	121	1
526	720	2
526	1286	1
526	917	16
526	1135	1
527	1129	2
527	1401	1
527	154	1
527	471	2
527	944	1
527	1573	1
527	236	10
528	800	1
528	273	4
528	374	1
529	395	1
529	1478	1
529	277	1
529	1014	1
52	230	1
52	242	5
52	48	4
52	82	2
52	1533	2
52	715	1
52	159	1
52	202	1
52	245	6
530	915	1
530	21	1
530	1085	1
531	440	1
531	381	1
531	93	1
532	1449	1
532	974	5
532	710	1
532	80	3
533	1060	1
533	343	1
533	436	2
533	244	1
534	108	1
534	568	1
534	349	2
535	311	1
535	34	3
536	605	1
536	473	1
536	1551	1
537	270	1
537	901	1
537	254	5
538	1506	1
538	933	1
538	1324	2
538	1517	4
539	373	2
53	446	1
53	82	1
540	16	1
540	1340	1
541	91	1
541	635	1
541	710	7
541	1145	1
542	977	1
542	252	1
543	225	6
543	1530	1
543	462	2
543	455	1
543	1012	1
544	422	5
544	881	5
544	249	1
544	82	1
544	1475	1
545	1077	1
545	414	18
545	153	14
545	1522	5
546	623	2
546	1540	1
546	157	2
546	510	2
547	444	3
547	49	2
547	565	3
547	1513	2
547	1191	1
548	49	1
548	816	1
548	346	13
548	429	2
549	119	1
549	164	4
549	882	1
549	52	1
549	58	1
54	903	1
54	1260	1
54	136	1
550	24	1
550	517	1
551	906	1
551	1195	1
551	569	1
552	1477	1
552	339	1
552	634	3
552	195	3
552	635	1
552	396	1
552	898	2
552	242	1
552	259	2
552	1003	1
552	440	1
552	575	4
552	1578	2
553	1451	1
553	1496	1
553	605	1
553	1266	2
554	402	1
554	162	1
555	812	4
555	523	1
555	507	1
556	186	2
556	297	1
556	1240	1
556	496	2
556	710	1
556	985	1
556	151	1
556	1178	2
557	479	1
557	43	1
557	266	1
557	1244	1
557	67	1
557	1505	1
557	653	1
557	149	1
557	1017	1
558	93	2
558	745	4
558	254	1
558	157	1
559	53	1
559	136	1
559	245	2
559	470	1
55	402	1
55	486	1
55	69	3
55	100	2
55	201	1
55	235	4
55	700	1
55	281	3
55	1264	7
55	49	5
55	340	5
55	695	2
55	119	1
560	617	1
560	637	1
561	993	1
561	143	1
562	57	1
562	182	1
562	831	1
562	1357	1
563	1325	1
563	1245	1
563	260	1
563	58	19
563	743	1
564	233	1
564	1021	11
564	620	1
565	244	2
565	472	1
565	300	1
565	388	2
565	936	1
565	171	1
566	49	1
566	486	1
566	436	2
566	336	6
567	349	3
567	500	11
567	48	8
567	619	1
568	1153	2
568	612	12
568	801	5
568	1455	2
568	176	42
568	189	141
568	119	20
568	49	76
569	1089	1
569	690	1
569	1324	1
569	326	1
569	299	3
56	48	2
56	619	1
56	1282	1
56	171	3
56	522	1
570	616	1
570	1216	8
570	20	2
570	408	15
570	343	1
570	82	2
570	501	2
570	1058	3
570	1593	1
571	172	1
571	391	1
571	1269	1
572	841	1
572	419	1
572	649	1
572	140	1
572	656	1
573	802	25
573	346	1
573	1395	1
574	49	3
574	48	7
574	673	2
575	214	1
575	225	1
575	570	1
575	300	2
575	1069	1
575	625	2
576	182	7
576	853	1
576	1467	1
576	566	1
576	701	2
576	122	2
576	132	2
576	1114	1
576	416	1
576	331	3
577	62	1
577	624	1
577	356	1
577	617	1
577	625	1
578	117	4
578	923	2
579	260	1
579	873	1
579	144	1
57	419	1
57	425	1
57	13	9
57	48	2
57	271	1
580	332	1
580	51	2
580	399	1
580	106	2
580	790	1
580	121	4
580	855	1
580	1425	1
580	565	1
580	276	1
580	353	1
580	290	3
581	137	1
581	328	1
581	245	1
581	35	1
581	115	1
581	189	1
581	126	1
582	960	8
582	310	1
582	96	7
582	126	1
582	182	4
582	136	4
582	882	3
583	48	1
583	781	10
584	722	1
584	348	2
584	636	1
584	9	1
584	168	1
585	394	1
585	1010	2
585	49	1
585	1206	1
586	361	1
586	936	1
586	93	1
586	180	19
587	281	2
587	935	1
587	96	1
587	710	2
587	966	1
587	168	2
587	127	1
587	159	1
587	634	1
587	254	1
588	266	1
588	360	3
588	1424	4
588	176	5
588	553	1
589	429	7
589	1064	1
589	133	2
589	1113	1
58	1490	1
58	974	1
590	537	3
590	1221	1
590	628	1
591	48	7
591	647	1
591	1135	1
591	357	1
592	1051	1
592	766	1
592	710	7
592	537	4
592	1221	1
592	635	9
593	390	7
593	180	3
593	93	1
593	584	1
593	48	1
593	1426	1
594	35	1
594	1486	1
594	91	1
594	359	10
594	455	1
594	881	2
595	526	1
595	1363	1
595	426	1
595	1089	3
595	1330	2
595	72	1
595	1119	1
595	974	3
595	1423	1
596	130	1
596	1375	1
597	232	3
597	623	2
598	605	1
598	194	1
598	361	1
598	152	1
599	4	13
599	436	3
599	17	1
599	1386	1
599	37	1
59	770	1
59	1220	1
59	144	1
59	1149	1
59	781	1
5	192	1
5	686	1
5	396	1
5	635	1
600	360	1
600	830	2
601	629	1
601	297	1
601	800	1
602	237	2
602	225	1
603	500	1
603	331	1
603	456	1
603	640	1
603	711	2
604	1599	1
605	600	1
605	360	1
605	1403	1
606	635	1
606	954	1
607	663	1
607	137	1
607	123	1
608	1305	1
608	596	1
608	389	1
609	710	2
609	1331	1
609	1365	1
609	353	2
609	48	4
609	59	3
609	624	1
609	137	1
609	157	1
609	1590	1
60	1468	1
60	49	37
60	851	24
60	715	1
60	696	1
60	58	1
60	164	1
610	248	1
610	426	1
610	542	1
611	620	1
611	127	2
611	1001	1
611	18	1
611	74	1
611	1121	1
612	602	2
612	192	1
612	1305	1
612	49	1
613	926	2
613	989	1
613	1190	1
613	437	1
614	575	4
614	260	5
614	656	2
614	300	2
615	140	1
615	196	1
615	268	1
615	1281	1
615	299	2
616	17	1
616	450	1
616	885	1
616	658	1
616	590	1
616	236	2
616	4	1
616	1419	1
616	197	1
617	1236	1
617	24	2
617	754	11
617	141	2
618	49	1
618	1537	1
618	1116	1
618	1413	1
619	1076	1
619	1369	1
619	35	1
619	932	1
619	479	1
619	65	1
619	41	1
61	604	1
61	178	3
61	1445	1
61	486	3
61	534	1
620	4	1
620	674	3
620	1375	1
621	1488	1
621	37	1
622	192	1
622	220	1
622	1075	1
622	182	3
622	197	4
622	436	4
622	1298	2
622	213	2
622	1340	1
622	662	1
622	68	1
622	37	1
623	654	2
623	1541	1
623	1607	2
623	35	1
623	632	1
624	737	1
624	4	1
624	154	1
625	948	2
625	722	1
625	466	1
626	1438	1
626	939	1
626	986	1
627	974	1
627	656	1
627	348	1
627	157	10
627	49	13
627	688	1
627	189	13
627	1076	1
627	639	1
627	556	4
627	213	1
628	373	2
628	536	3
628	158	1
628	806	3
629	1548	1
629	37	1
62	908	1
62	40	2
62	1134	1
62	1313	1
62	573	1
62	1101	1
630	1475	1
630	190	2
630	49	1
630	157	2
630	427	1
631	1172	1
631	384	1
632	266	1
632	849	1
632	498	1
632	839	3
632	419	1
632	256	2
633	422	2
633	114	2
633	364	1
634	1256	1
634	974	1
634	896	3
634	133	3
634	1235	1
634	174	3
634	575	2
634	260	1
634	710	1
634	93	1
634	106	1
634	153	1
634	16	1
634	1196	2
634	205	2
634	1058	3
635	1241	1
635	1065	1
635	200	2
636	259	1
636	831	1
636	1521	1
636	96	1
636	153	2
636	48	4
636	144	1
636	1525	1
636	686	7
636	1139	2
637	390	1
637	283	1
638	35	2
638	649	1
639	131	1
639	49	1
63	210	1
63	1540	1
63	529	3
640	61	21
640	195	1
640	340	2
640	1297	2
640	99	15
640	806	5
640	493	1
640	682	1
641	257	1
641	1567	1
641	1404	1
641	792	1
641	468	1
642	184	1
642	141	10
642	271	4
643	676	1
643	488	2
643	1333	1
643	422	1
643	1482	1
644	815	2
644	1138	2
644	505	1
644	326	1
644	1421	2
644	656	1
644	1457	1
644	738	2
644	678	1
644	208	4
645	79	1
645	1074	3
645	49	16
645	192	3
645	220	5
646	292	2
646	266	2
646	97	1
646	1159	1
646	260	3
647	49	3
647	16	2
648	81	1
648	1032	3
648	351	15
648	94	8
648	166	2
649	163	1
649	1594	1
649	419	1
649	1070	2
649	63	1
649	624	1
64	35	1
64	649	1
650	1450	1
650	290	1
650	1196	1
650	136	1
650	503	4
650	1310	1
650	232	2
650	426	1
651	1051	2
651	492	3
651	933	1
651	931	5
651	94	5
651	254	2
652	50	1
652	49	1
652	415	1
652	537	2
652	867	1
653	1102	1
653	968	2
654	132	1
654	986	1
654	800	2
654	966	2
654	687	1
655	743	1
655	800	2
656	190	1
656	1096	6
656	1182	4
656	285	1
657	1017	1
657	1078	1
658	896	2
658	1370	1
658	436	1
658	1366	1
658	13	1
658	438	1
659	230	2
659	1035	2
659	49	13
659	709	1
659	1394	1
65	710	1
660	1056	1
660	35	1
660	364	1
660	1216	11
660	544	1
660	276	1
660	117	1
661	431	1
661	517	1
661	1116	1
661	190	3
662	1016	1
662	691	1
662	612	1
663	431	1
663	1309	2
664	280	1
664	436	4
664	479	1
664	433	1
665	710	1
665	699	3
665	855	1
666	1388	1
666	335	1
666	1511	1
666	918	1
666	259	1
666	686	1
666	1003	1
666	524	1
666	358	1
666	1581	1
666	1195	1
666	290	1
666	415	1
666	1203	1
666	606	2
666	962	1
666	871	1
667	571	1
667	703	2
667	1468	1
668	1290	1
668	377	1
668	1587	1
668	800	3
669	38	1
669	473	2
669	605	2
66	29	2
66	237	2
66	476	1
670	960	1
670	781	1
670	49	4
670	218	1
671	984	1
671	48	2
671	1463	2
671	122	1
672	940	2
672	254	1
672	205	1
673	1008	2
673	1337	1
673	285	1
674	956	2
674	963	4
675	809	1
675	800	1
675	540	2
676	1325	1
676	1384	3
676	800	3
676	1073	2
676	699	1
676	861	1
676	652	1
676	672	1
677	158	4
677	0	1
677	1297	2
678	472	1
678	1155	2
678	300	1
678	923	1
679	536	1
679	45	3
679	675	1
679	109	6
67	232	3
67	447	1
67	1216	1
67	1240	1
680	601	1
680	842	1
681	810	3
681	167	2
682	1035	1
682	38	2
683	699	1
683	1414	1
683	706	1
683	484	1
684	806	2
684	1460	1
685	793	1
685	1202	1
685	277	2
685	694	1
685	1136	1
685	35	1
685	1449	1
685	281	1
685	176	9
685	106	1
685	352	2
685	844	1
685	153	1
686	844	1
686	137	1
687	48	1
687	619	1
687	297	1
687	11	1
687	1122	1
687	236	1
687	500	2
687	1299	1
688	592	2
688	565	1
688	486	1
688	237	2
689	962	5
689	716	12
689	48	3
689	674	5
68	1087	3
68	350	1
68	896	2
690	440	1
690	9	1
690	964	1
691	49	2
691	20	1
691	726	1
691	1234	1
691	140	1
691	196	1
692	96	1
692	267	2
692	668	1
692	699	1
693	544	1
693	271	1
693	947	2
693	703	1
693	698	1
694	473	1
694	605	1
694	49	2
694	429	1
695	1490	1
695	407	1
696	259	9
696	1275	1
696	546	1
697	115	1
697	202	1
697	157	1
697	1076	2
697	48	1
698	119	2
698	853	1
698	42	1
698	79	1
699	49	1
699	1370	1
699	377	1
69	533	5
69	187	1
69	635	1
6	1283	1
6	473	2
6	49	3
6	171	3
6	1414	1
6	144	1
6	190	3
6	619	1
700	1196	2
700	1371	3
700	1354	1
701	1012	1
701	902	1
701	729	23
702	570	1
702	246	1
702	1535	1
703	216	1
703	844	1
703	1574	1
703	343	1
703	1345	1
704	49	3
704	119	1
704	455	1
705	973	1
705	1070	1
705	254	4
705	1291	1
705	1334	1
706	224	1
706	288	2
706	1514	1
707	1316	4
708	1105	2
708	415	1
708	332	2
708	96	1
708	859	3
708	684	2
708	462	1
709	35	1
709	203	2
709	1004	4
70	964	2
70	663	2
70	77	3
70	100	3
710	530	1
710	656	1
710	101	1
711	280	1
711	1429	1
711	1008	1
711	1177	2
712	1293	1
712	1147	1
712	470	2
712	306	1
712	107	4
712	749	3
712	656	1
712	843	6
712	185	1
712	758	1
713	551	1
713	931	1
713	896	1
713	360	1
714	1076	1
714	6	1
714	7	1
715	386	1
715	690	3
715	132	1
716	1266	1
716	42	1
716	1300	2
717	977	3
717	835	1
717	213	1
717	857	1
717	1335	1
717	475	1
717	1117	1
718	1398	1
719	133	1
719	1181	1
719	1197	1
719	1094	4
719	13	8
71	266	1
71	308	1
720	720	1
720	875	1
721	49	1
721	748	1
721	1159	1
721	300	1
722	748	1
722	892	1
722	980	1
723	517	2
723	983	1
724	857	14
724	49	3
724	187	1
724	471	1
724	1237	1
724	53	1
724	505	1
725	38	2
725	161	1
725	1235	1
725	1366	1
726	698	2
727	176	1
727	84	1
727	942	2
728	612	1
728	350	3
729	755	1
729	542	1
729	731	1
729	466	2
72	34	1
72	715	1
730	48	4
730	418	1
730	123	1
731	37	14
731	1447	3
731	502	1
731	106	1
731	644	1
731	996	1
731	909	4
731	706	1
732	340	1
732	1287	1
732	1283	2
732	236	18
732	1118	3
733	297	1
733	673	1
733	82	1
733	358	1
733	1023	1
733	160	1
734	176	1
734	939	1
734	1007	1
735	176	1
735	591	1
735	892	1
736	782	1
736	1408	1
737	157	4
737	49	5
737	89	3
737	605	1
738	419	1
738	48	1
738	984	1
738	1076	1
738	1118	1
738	106	1
739	625	1
739	266	2
739	517	1
739	617	2
73	436	1
73	1549	1
73	331	1
73	97	1
740	688	3
740	48	2
740	399	2
740	831	2
740	153	2
741	79	1
742	451	2
742	449	3
742	933	1
742	710	5
742	929	4
742	473	1
742	122	2
743	106	5
743	556	2
743	213	1
743	245	4
743	959	1
744	1313	1
744	251	4
745	297	1
745	704	1
746	669	1
746	1475	1
747	1290	1
747	203	6
747	831	1
747	645	3
747	1517	1
748	659	1
748	298	1
748	558	2
748	357	1
749	1301	1
749	700	1
749	361	1
74	837	1
74	42	2
74	565	2
750	189	1
751	584	1
751	616	2
751	762	1
751	300	1
751	88	1
751	886	1
751	873	1
752	348	1
752	224	1
752	996	1
753	985	2
753	1540	2
753	1474	1
753	831	1
753	176	1
753	189	1
754	1315	1
754	79	1
754	147	1
755	762	1
755	48	2
755	887	1
755	710	1
755	602	1
755	570	1
755	62	1
755	621	1
756	290	1
756	393	1
756	360	1
756	966	1
757	176	6
757	770	1
757	1588	2
757	192	3
757	1075	1
757	1002	5
757	49	2
758	1189	1
758	185	1
758	886	1
758	527	1
759	232	1
759	475	1
759	764	1
75	182	2
75	556	4
75	1415	1
75	1304	1
75	112	2
760	478	3
760	73	3
760	1197	1
761	244	6
761	176	3
761	853	1
761	575	16
762	1297	1
762	945	1
762	560	6
763	475	2
763	772	35
764	50	1
764	441	1
764	1482	1
764	429	2
764	1240	2
764	93	2
764	277	4
765	1114	2
765	774	6
766	1335	2
766	857	2
766	712	3
766	1301	2
766	218	2
766	4	4
767	68	1
768	1440	1
768	1044	1
769	449	2
769	522	3
76	259	1
76	800	1
76	227	1
770	56	1
770	620	1
770	1159	1
771	778	1
771	673	1
771	266	1
772	569	1
772	824	1
772	1471	1
772	1250	3
773	47	1
773	1383	1
774	74	1
774	806	1
775	1252	1
775	1445	1
775	408	4
775	359	3
775	859	8
776	1356	1
776	187	1
777	4	1
777	1065	2
777	62	1
777	625	1
777	48	1
777	935	2
778	390	1
778	122	1
778	502	1
779	684	1
779	929	1
77	1131	1
77	91	2
77	22	1
780	1160	2
780	163	1
781	843	1
781	475	3
782	542	1
782	1093	1
782	136	1
782	236	2
783	699	1
783	787	1
784	788	8
784	137	1
784	1550	1
784	144	1
784	669	1
785	787	1
785	847	1
786	137	2
786	49	4
787	48	1
787	141	1
787	6	1
788	122	5
788	1172	1
789	294	1
789	408	1
789	1112	1
78	96	1
78	766	1
790	34	1
790	1563	2
790	422	1
791	833	1
791	1240	1
791	662	1
791	1131	1
791	544	2
792	796	1
792	741	4
792	952	1
792	709	1
793	322	2
794	1408	1
794	84	2
794	674	1
794	4	1
795	281	1
795	436	1
795	57	1
795	714	1
796	189	1
796	332	2
796	96	1
796	593	2
796	450	1
797	269	1
797	205	1
797	571	1
797	710	1
798	804	16
798	469	1
798	896	2
798	446	1
798	360	1
798	132	1
799	1135	1
799	453	1
799	151	1
79	232	5
79	8	1
79	769	1
7	947	1
7	909	1
800	1160	2
800	1161	1
800	13	5
800	193	2
800	1014	1
801	742	1
802	948	1
802	229	1
802	41	1
802	317	1
802	872	1
803	269	1
803	1385	1
803	804	4
803	805	2
804	828	1
804	563	1
804	192	22
804	112	2
804	1588	1
804	62	1
805	829	1
805	1040	2
805	611	1
805	1022	1
805	1125	2
805	1126	1
806	57	8
806	48	1
806	1089	1
806	885	1
807	811	1
807	973	1
807	96	1
807	1559	1
807	909	1
808	297	4
808	429	2
809	419	3
809	260	4
809	353	1
80	751	1
80	144	1
80	1281	1
80	1330	1
810	259	1
810	48	1
811	137	1
811	477	1
811	682	1
811	717	1
812	1349	1
812	422	1
812	49	1
812	1405	1
813	684	2
813	874	1
813	791	1
813	517	1
813	121	1
814	107	1
814	422	1
814	343	2
814	48	3
814	176	1
814	399	1
815	792	1
816	484	1
816	716	2
817	49	1
817	48	3
818	250	2
818	1545	1
818	256	3
818	944	7
819	398	1
819	731	1
819	846	3
819	634	1
81	869	1
81	1130	1
820	831	1
820	841	5
820	306	1
820	49	1
820	936	1
821	69	24
821	1235	2
822	822	4
822	839	1
823	1407	1
823	195	6
823	297	4
823	823	7
824	1137	3
824	122	8
824	662	1
824	29	1
825	1440	2
825	1472	1
825	1497	1
826	62	1
826	1581	1
826	1173	1
827	865	1
827	186	2
827	81	1
827	96	1
828	1070	1
828	472	3
829	58	2
829	100	41
829	898	1
82	49	27
82	960	4
82	182	4
82	835	7
830	436	4
830	1330	1
830	696	1
830	324	3
830	83	11
830	48	2
831	43	3
831	703	1
831	605	1
832	591	1
832	1429	1
832	1116	1
832	887	1
833	699	1
833	711	3
833	33	2
833	911	1
834	903	1
834	1260	1
834	527	8
834	121	2
834	408	1
835	1486	2
835	883	1
836	49	8
836	851	2
836	31	1
836	113	1
837	486	5
837	1390	3
837	1101	1
838	590	1
838	88	1
838	231	1
838	745	1
838	137	3
839	466	1
839	564	2
839	48	1
839	192	4
839	399	1
839	873	1
839	111	1
83	509	1
83	1460	1
83	710	1
83	1180	1
840	1062	1
840	836	1
840	96	1
840	1361	1
841	1111	2
841	948	1
842	24	1
842	1582	1
843	599	1
843	1443	1
843	1461	1
843	661	1
843	410	1
844	564	20
844	960	2
845	27	1
845	677	1
845	297	2
845	1307	1
846	1432	1
846	501	2
847	1046	1
847	446	1
848	8	2
848	1452	1
848	1513	1
848	386	2
849	635	4
849	360	4
849	748	1
84	809	1
84	666	1
850	18	1
850	520	1
851	48	1
851	307	3
852	151	1
852	847	1
853	130	1
853	783	5
853	848	13
854	306	1
854	615	1
854	300	8
854	275	14
854	1155	3
855	488	1
855	875	1
855	538	1
855	1068	1
855	32	1
856	419	1
856	431	1
856	430	1
856	1187	1
856	58	1
857	759	1
857	79	1
858	182	8
858	281	11
858	49	7
858	216	2
859	856	1
859	398	1
85	456	1
860	1135	1
860	375	2
860	408	7
860	1537	4
860	857	2
861	502	4
861	141	1
861	266	1
861	1445	1
862	1364	1
862	703	1
863	1507	1
863	1458	1
863	606	3
863	766	4
863	149	1
864	122	1
865	844	1
865	352	1
865	444	1
865	140	5
866	49	2
867	565	2
867	15	1
867	445	1
867	863	1
867	119	2
868	974	2
868	260	1
868	984	1
868	1178	1
868	600	1
868	224	3
868	446	1
869	257	1
869	1567	1
869	429	8
86	49	3
86	70	1
870	213	2
870	4	3
871	1583	1
871	864	2
871	1116	1
871	1245	1
872	917	4
872	896	1
872	815	1
873	1181	2
873	232	1
873	687	1
873	938	1
873	32	2
873	36	1
873	17	1
873	355	1
874	1193	1
874	1033	1
874	94	8
875	294	1
875	396	1
875	335	2
876	715	1
876	687	1
877	737	2
877	696	1
878	582	1
878	232	1
878	291	1
879	1019	3
879	300	1
879	831	1
879	493	1
87	422	2
87	1462	1
87	717	1
880	49	1
880	1083	1
881	438	5
881	1268	1
881	879	2
882	1571	1
882	535	1
882	457	1
883	153	1
883	978	1
883	162	1
883	1487	1
883	577	1
883	221	1
883	146	1
884	1029	1
884	405	1
884	227	3
885	208	1
885	531	1
885	1601	1
886	1035	1
886	266	1
886	220	1
887	671	1
887	425	5
887	684	1
887	1195	1
887	738	1
887	248	1
887	881	1
888	885	1
888	176	2
888	463	2
888	352	1
888	984	1
888	563	1
889	473	1
889	939	2
889	1076	1
889	625	1
88	1081	1
88	710	1
88	446	1
88	49	1
88	1383	1
890	1017	1
891	1528	2
891	1478	1
892	1525	1
892	1013	5
892	1144	2
893	919	1
893	1058	1
893	782	2
893	35	2
894	710	1
894	193	1
894	1003	1
895	350	1
895	1472	1
896	35	1
896	137	2
896	157	3
896	361	1
896	136	1
896	176	3
896	1223	2
897	892	3
897	224	1
897	1053	1
898	192	1
898	524	2
899	414	2
899	782	1
89	782	1
89	888	3
89	1603	3
89	1020	1
89	806	1
89	1297	2
8	440	1
900	218	1
900	482	1
901	1426	1
901	391	1
901	1060	1
901	699	2
901	516	2
901	1079	1
902	871	10
902	732	1
902	972	4
902	133	1
903	919	1
903	429	1
904	433	1
904	1506	1
905	497	1
905	1533	2
906	133	1
906	264	1
907	474	1
907	235	1
907	46	2
908	1007	1
908	996	1
908	91	1
908	1203	1
909	389	1
909	551	1
90	297	1
90	549	1
90	254	1
90	1582	1
90	984	1
90	419	1
910	901	1
910	1076	1
910	1175	1
911	1050	1
911	176	3
911	235	2
912	800	1
912	708	1
912	912	1
913	1198	1
913	124	1
913	673	1
913	1230	1
913	208	2
913	277	1
913	42	5
913	635	1
914	122	1
915	625	2
915	984	1
915	876	1
915	182	3
915	271	1
915	86	2
915	136	6
915	49	3
916	4	2
916	216	2
916	121	1
916	1423	1
916	326	1
916	436	2
917	555	1
917	133	1
917	514	1
918	728	1
918	907	5
919	1071	1
919	1265	1
919	48	1
91	1197	1
91	1075	2
920	1212	1
920	1011	1
920	3	1
921	635	1
921	634	1
921	1435	1
921	1564	1
922	119	1
922	154	1
922	213	1
923	449	1
923	266	1
923	474	1
923	766	5
924	281	1
924	254	1
924	438	1
924	986	1
925	261	11
925	153	5
925	1351	1
925	712	2
925	63	1
925	180	1
925	876	1
925	279	1
926	592	1
926	49	4
926	800	1
926	837	5
926	300	1
927	281	1
927	409	1
927	1249	1
927	918	5
927	234	1
927	137	1
927	1003	2
928	1283	1
928	30	3
928	317	1
928	146	9
928	53	2
929	594	2
929	709	1
929	876	1
929	39	1
929	1438	1
92	1102	1
92	283	1
92	82	1
92	1071	1
930	49	2
930	55	5
930	716	2
931	619	1
931	276	1
931	38	1
932	490	9
932	111	1
933	1389	2
933	635	1
934	429	2
934	466	1
935	107	1
935	1445	1
935	48	4
935	731	1
935	476	2
936	96	1
936	492	11
937	1100	1
937	1048	1
937	710	1
938	330	1
939	350	2
939	612	1
939	392	2
939	517	1
939	880	1
93	81	1
93	1479	1
93	612	1
940	254	2
940	141	1
940	35	1
940	1183	1
940	1276	1
941	1002	1
941	261	2
941	43	2
942	408	2
942	1391	1
942	254	2
943	523	1
943	1452	2
944	941	1
944	1099	1
944	115	1
945	172	2
945	1077	1
945	528	1
945	119	2
945	486	5
946	199	1
946	1095	1
947	914	1
947	871	5
947	294	1
948	710	1
948	876	1
949	157	3
949	279	1
949	119	1
949	642	2
949	556	1
949	641	1
94	101	1
94	874	1
94	344	1
94	458	1
950	46	1
950	232	9
950	588	1
951	1235	1
951	1063	1
951	300	1
951	1576	1
952	723	10
952	290	1
952	450	1
953	370	1
953	260	1
954	896	1
954	684	1
954	946	1
954	642	2
955	699	1
955	272	1
955	172	4
955	281	4
955	136	3
955	213	1
956	564	1
956	89	1
956	230	1
956	491	1
957	848	1
957	474	1
958	1048	1
958	1546	2
958	142	2
958	1565	1
958	372	1
958	276	1
958	501	1
958	79	1
959	710	3
959	1227	2
95	1020	3
95	340	1
95	100	1
95	596	1
960	1034	1
960	180	2
960	625	1
960	353	1
961	96	1
961	882	1
961	667	1
962	183	1
963	49	1
963	57	1
963	993	1
964	106	1
964	379	2
965	192	1
965	656	1
966	257	1
966	639	1
967	1451	1
967	1123	1
967	909	1
968	1047	1
968	406	1
968	1470	1
968	55	1
968	419	1
968	649	1
968	278	1
969	49	3
969	80	1
969	1317	1
96	634	1
96	648	1
96	364	1
96	611	1
970	197	1
970	54	1
970	38	1
971	483	1
971	38	1
972	396	1
972	800	1
972	106	1
972	235	2
972	1268	1
973	152	1
973	845	1
974	795	1
974	1034	1
975	754	1
975	360	1
976	928	1
976	656	1
976	579	1
976	873	1
977	800	1
977	343	4
977	657	1
977	917	1
978	89	7
978	1191	1
979	1303	2
979	96	1
979	575	1
979	305	1
979	939	1
97	49	1
97	671	13
97	1400	1
980	157	1
980	204	6
980	436	3
980	66	2
980	127	6
981	238	1
981	710	1
982	538	1
982	35	1
982	216	1
982	20	2
982	431	1
983	862	1
983	228	1
984	162	1
984	1034	1
984	489	1
984	800	1
984	426	1
985	1135	1
985	473	1
985	972	2
986	1349	1
986	83	1
986	1043	1
986	1283	1
986	1352	1
986	816	1
986	49	3
987	800	1
987	297	2
987	759	1
988	501	1
988	1059	1
989	746	2
989	1147	1
98	274	1
98	713	1
98	1450	1
990	977	1
990	1289	1
990	446	1
991	473	1
991	34	1
991	736	1
991	1551	1
991	1205	1
992	1100	1
992	271	1
992	533	1
992	704	1
993	121	1
994	1183	1
994	1496	1
994	105	2
994	174	1
994	1296	1
994	563	1
994	91	1
995	4	1
995	970	2
995	1605	1
995	204	5
996	171	1
996	203	1
996	409	1
996	1422	1
997	1210	1
997	464	6
997	171	6
998	1472	1
998	297	3
998	214	1
998	710	1
999	884	1
999	351	1
99	1524	1
99	102	1
99	215	1
99	485	1
99	190	1
99	638	1
9	470	3
9	1215	1
9	1031	3
