136	39.953949	-75.1432262
15	39.943223	-75.162568
858	39.9625821	-75.1356571
160	39.9506555	-75.1708991
110	39.9418766	-75.1451988
382	39.94796	-75.22198
668	39.9533224742	-75.1590000821
233	39.9415201345	-75.1509702725
392	39.9486639126	-75.2158315415
269	39.9455687	-75.1717901
863	39.9408776	-75.1511064
51	39.9567105161	-75.1971027811
76	39.948081	-75.1608093
559	39.9456566	-75.1747733
291	39.9508011	-75.1686108
384	39.9483087	-75.2178905
363	39.951859	-75.173882
167	39.969939	-75.163026
780	39.951923	-75.144335
252	39.9725217939	-75.1792898199
507	39.91579	-75.1653879
387	39.9446092	-75.1578331
129	39.970468014	-75.1345396622
558	39.9515586	-75.2032578
542	39.9671642	-75.1748969
455	39.9428742	-75.1456449
372	39.9448608451	-75.1652079004
660	39.953549	-75.202991
758	39.953074	-75.192585
370	39.9609147337	-75.1708267829
745	39.9382846	-75.1548943
275	39.9736865005	-75.1339557767
66	40.024774	-75.2214354
629	39.9674553	-75.169558
163	39.942203	-75.155223
554	39.954395	-75.169849
428	39.9613018	-75.1593118
799	39.9554771	-75.1572987
523	39.9530477103	-75.1590135265
521	39.9400584	-75.1578655
751	39.9542886	-75.1855377
739	39.929453	-75.1636243
710	39.9531984523	-75.1928739332
852	39.9524469799	-75.1836892962
706	39.955757	-75.181993
595	39.93883	-75.17232
248	39.9590025431	-75.1582302558
482	39.9488052	-75.1779537
140	39.9506099	-75.172368
279	39.9492805	-75.1489288
50	39.954044	-75.15598
472	39.950774	-75.170397
272	39.9420436	-75.1495102
527	39.9114175	-75.1745111
560	39.9673004	-75.1403984
81	39.9486423	-75.1441173
675	39.9562631	-75.1570795
781	39.9493776356	-75.169540979
60	39.9514165949	-75.1737677917
775	39.9495688	-75.1589615
210	39.9747101233	-75.1825701445
249	39.9667	-75.13997
27	39.960888	-75.171213
120	39.9514489	-75.1705213
200	39.952932	-75.173293
389	39.96207	-75.14104
134	39.9466441	-75.1631867
185	39.9744581	-75.1808263
172	39.9506558	-75.1671469
573	39.9477765	-75.1664246
736	39.9416368379	-75.1538993418
227	39.952045	-75.17167
78	39.9536619	-75.1754204
401	39.9497397	-75.1445806
18	39.9466238	-75.1609139
364	39.9641791314	-75.1494241306
755	39.9059929	-75.1666401
549	39.9451562	-75.179105
282	39.96399	-75.1444822
345	39.9504833638	-75.1673305865
566	39.919346	-75.171033
817	39.9691718956	-75.1345449025
161	39.9689397	-75.1334333
778	39.9769736	-75.1241144
361	39.932223	-75.147463
88	39.9536791	-75.1551081
695	39.9497082	-75.1439349
563	39.980483	-75.11303
106	39.9419516309	-75.1573562007
440	39.957018627	-75.1712603922
331	39.9485863525	-75.1449131188
725	39.9719921474	-75.1962714728
804	39.9482156	-75.143697
698	39.924584	-75.172676
451	39.9503152253	-75.1624865435
259	39.9517241479	-75.1601829009
194	39.9376867	-75.1610435
845	39.9408923	-75.147458
437	39.9581334616	-75.158424899
230	39.9560363	-75.2154296
10	39.9722034535	-75.1346028596
735	39.952185	-75.1758693
714	39.9496546054	-75.1427625423
431	39.9563297	-75.157069
444	39.927216	-75.171477
816	39.952804	-75.139738
268	39.94949	-75.17066
837	39.9485224	-75.1640749
849	40.0259511	-75.2243072
26	39.9210273851	-75.1450284438
205	39.9539683	-75.1570234
278	39.9553921	-75.2026195
801	39.9508956186	-75.178367123
606	39.9491798	-75.1635651
19	39.948793	-75.1662055
620	39.9692049	-75.1325733
483	39.9535852	-75.1609794
624	39.936934	-75.161837
371	39.9463986271	-75.157800703
63	39.9377652566	-75.1583243076
794	39.9512731815	-75.1979261264
491	39.9532717	-75.1562016
28	39.9485078263	-75.1619688173
122	39.9365822	-75.1626553
131	39.9491724	-75.1707273
236	39.9414622968	-75.1523852348
114	39.9604147854	-75.1686044902
98	39.9495123	-75.1617661
30	39.955402	-75.154484
727	39.9690922	-75.134266
79	39.9712343	-75.1342432
813	39.949773	-75.148073
715	39.9537318071	-75.1978196153
303	40.024735	-75.2222673
524	39.9616969288	-75.1412892166
808	39.948294	-75.1519511
561	39.9545367385	-75.1943960041
190	40.0253737	-75.2238628
691	39.9122173	-75.1827641
242	39.9435223516	-75.1661360954
175	39.9609706195	-75.146908
456	39.9648195	-75.1402322
413	39.9658294799	-75.1347702469
146	39.901206	-75.171979
324	39.974214	-75.182504
149	39.94941083	-75.1686977423
525	39.94911	-75.16309
699	39.9534811107	-75.2029253184
784	39.9468905	-75.1623567
657	39.9670595	-75.1705213
587	39.9553689232	-75.198020339
118	39.9517524	-75.1698373
418	39.952821	-75.210442
119	39.9423058586	-75.1546984195
583	39.9512876403	-75.1641220332
867	39.9811626537	-75.1232624799
141	39.9598792	-75.1906815
866	40.0247036	-75.2219543
86	39.924667	-75.173231
397	39.9502531	-75.1668064
586	39.9531593	-75.1590984
123	39.9541205693	-75.1560343422
806	39.9486052	-75.1640808
335	39.9419372505	-75.1446834884
896	39.941042	-75.151123
650	39.954974092	-75.2025566533
619	39.9485658	-75.1598508
184	39.9493338	-75.1661758
796	39.925195	-75.1600137
105	39.9513885876	-75.1631133975
301	39.9455654	-75.1627808
84	39.9504170438	-75.1664282754
822	39.9466893	-75.1639777
766	39.9523399	-75.1715586
532	39.9294148	-75.1637155
334	39.9509166	-75.1629711
626	39.9705028	-75.1346993
562	39.979483	-75.20901
94	39.9507589	-75.1743401
873	39.9427774	-75.1456566
773	40.0750694	-75.2055144
638	39.97199	-75.128871
339	39.9424247094	-75.1456823945
792	39.9480133	-75.1693585
461	39.9534524019	-75.1404362747
72	39.9259730399	-75.1527614381
288	40.0267886888	-75.2267333767
677	39.942712	-75.159313
357	40.0030483	-75.2219283
216	39.9499178538	-75.1447920753
58	39.9502217062	-75.1665529981
744	40.049511	-75.0621303
224	39.9532599	-75.172695
31	39.9462611465	-75.1451350779
354	39.9522598	-75.1740323
452	39.977142	-75.127202
298	39.9518382614	-75.1689804495
11	39.969485	-75.1386559824
515	39.9483447	-75.2136558
476	40.0258305512	-75.2243280899
631	39.936311	-75.16201
493	39.944413	-75.1707392
609	39.936534	-75.16139
400	39.9463188	-75.1579609
378	39.9512789	-75.1695181
548	39.949912499999996	-75.1736448
198	39.9495443	-75.1459872
659	39.9505843	-75.1693697
730	39.950743692	-75.1956453556
346	39.9689478	-75.1348105
139	39.9591840099	-75.1945733333
648	39.956611	-75.1463377
842	39.938608	-75.144302
47	39.9552167	-75.1574268
257	39.9492067124	-75.1659201062
174	39.9171275	-75.1418318
287	39.947786438	-75.1618928091
774	39.967061	-75.171243
454	39.951311	-75.1700653
407	39.954349	-75.2021586
530	39.9487961	-75.1697449
511	39.9531992	-75.1602278
165	39.9419789	-75.1532317
783	39.9532791038	-75.1955875611
661	40.0250874	-75.2221876
209	39.9495474	-75.1426984
460	40.0421548	-75.1289525
32	40.029494	-75.2059714
640	39.9313999	-75.1497036
218	39.9535838538	-75.1701486602
818	39.9497563	-75.1480623
644	39.9416787531	-75.1487875936
605	39.9656840022	-75.1354179992
386	39.9485127	-75.1680322
150	39.948041	-75.2242388
667	39.956338099999996	-75.202346
294	39.9714957	-75.1273589
526	39.9548784	-75.1663593
330	40.0323421405	-75.2142540024
538	39.95549425	-75.1559746
815	39.9797416849	-75.1290151477
788	39.9504938936	-75.1627459377
274	39.9651094	-75.1389069
656	39.9531593	-75.1590984
499	39.961891	-75.154075
231	39.9744268	-75.1326498
674	39.9524750756	-75.1735316558
144	39.9538571	-75.2032469
891	39.952533	-75.1562439278
622	39.9468170875	-75.1455080509
693	39.9545832568	-75.1948285103
4	39.9467935	-75.165297
498	39.9495774962	-75.1503095688
181	40.1106186	-75.0239353
65	39.9466579	-75.144724
469	39.9562822155	-75.15419
186	39.9505067	-75.1691375
617	40.029103	-75.0272619
731	39.9473679	-75.1780146
713	40.0443588	-75.2316231
874	39.95476	-75.156933
861	39.9516409	-75.1693482
306	39.9258883014	-75.1683752239
385	39.9487051045	-75.1531596925
379	39.9644125073	-75.1403277254
73	39.953298	-75.159071
333	39.9460278	-75.1625185
95	39.9545598054	-75.1705203793
639	39.93522	-75.158815
193	39.95379	-75.15583
463	39.953284	-75.159403
696	39.942335482	-75.1413081
892	39.9521517	-75.1757544
443	39.9541658	-75.2116004
343	40.025925	-75.2241818
743	39.9445424967	-75.1414754636
709	39.953122	-75.193198
529	39.9629294116	-75.1739865249
388	39.9412251903	-75.1454926754
290	39.9524929	-75.1702943
625	40.023535	-75.2197488
870	39.947791	-75.1603392
241	39.9302667	-75.1659499
564	39.9633982	-75.1411529
3	39.947783	-75.1677739
322	39.94680791	-75.1639846609
567	39.9481101	-75.1726188
238	39.9512428	-75.1741148
547	39.9476637	-75.166164
211	39.9493333403	-75.1667326512
445	39.9509483	-75.1704197
228	39.9500535	-75.1689142564
514	39.9614370059	-75.141503
393	39.9491039	-75.1658813
541	39.95093	-75.1758708
803	39.9557192	-75.2117204
321	39.8730739955	-75.2432488754
701	39.9497522	-75.1444806
478	39.9484184	-75.1623776
662	39.9540118	-75.1562827
840	39.950914	-75.1664173
261	40.062785	-75.237447
436	39.949043	-75.1596214995
722	39.972369	-75.1391965
246	39.965015	-75.161076
362	39.948089	-75.1592111423
519	39.9515864405	-75.1565859872
581	39.9731622	-75.1820117
442	39.9487531332	-75.1600949582
632	39.952725	-75.1729016
75	39.9530378	-75.1548528
327	39.9490799981	-75.1599725336
56	39.9702007	-75.1356343
93	39.9840696	-75.1289367
427	39.9570239499	-75.1374835117
89	39.9500808716	-75.162
652	39.955259	-75.156314
733	39.988408	-75.128555
398	39.9552318	-75.1561191
182	39.9486084	-75.1740323
1	39.9485474	-75.2163663
307	39.9487096	-75.1708743
749	39.944571	-75.171679
207	39.954502	-75.15699
584	39.9284359	-75.1712655
536	39.9400687845	-75.1594229629
41	39.955399	-75.156727
314	39.967234393	-75.1753211612
753	39.947101388	-75.1471829933
805	39.938972	-75.167457
214	39.9404915	-75.1496827
884	39.9540272	-75.1573997
21	39.941498	-75.149272
535	39.9416802	-75.1519159
793	39.9481792	-75.1435446
103	39.9496602	-75.2026672
856	39.9554945	-75.1552563
293	39.9450462386	-75.1774439566
352	39.9557454576	-75.1698437
641	39.932705	-75.14438
284	39.9364886	-75.1622139
87	40.0385555068	-75.1242795983
802	39.9515764639	-75.1596684381
260	39.9484739	-75.1435556
718	39.921596	-75.178679
403	39.9538173712	-75.1727485657
310	39.9483207617	-75.1570180649
594	40.0238229063	-75.2201271057
360	39.94499	-75.161245
649	40.0548744	-75.1259649
323	39.9393373391	-75.1597427314
251	39.9535582	-75.1929054
408	39.953630921	-75.1929846337
653	40.0205736	-75.1337987
681	39.9548759225	-75.1939325212
474	39.96531	-75.16039
879	40.0801467016	-75.0258657787
490	39.933836785	-75.1588137524
824	39.9767276	-75.1237185
550	39.9556558545	-75.1573111567
92	39.9418368	-75.153837
887	39.9391831963	-75.1792988554
577	40.0280368007	-75.2158295149
728	39.9462043942	-75.1577992928
771	39.9494667	-75.1605248
281	39.9537784576	-75.157045316
607	39.9731157	-75.1339186
109	39.9552470769	-75.1554087019
240	39.9549844	-75.2115232
68	40.0247731	-75.2213162
353	39.9278995	-75.1660183
458	39.9497512	-75.1699969
612	39.92966	-75.163003
42	39.9621826	-75.1721897
569	39.9267687862	-75.1673582289
502	39.9642199	-75.1404574
683	39.9512805	-75.1792293
500	39.9507231094	-75.1675008738
12	39.9421239	-75.154438
237	39.9515011	-75.1738449
366	39.949517	-75.174284
726	39.9491022	-75.1543329
582	39.9494184	-75.1439592
265	39.931653	-75.166327
692	39.9482948	-75.1728154459
585	40.0245962	-75.221131
759	39.9511145	-75.17157
283	39.9289898	-75.1647415
390	39.967417	-75.168217
39	39.9487583	-75.1440827
885	39.9552040814	-75.1709829249
221	39.963185	-75.174306
540	39.9496727	-75.1459188
187	39.9385948	-75.1526455
598	39.9141065086	-75.1487272304
895	39.9553481	-75.1540592
273	39.9535423	-75.1574552
685	39.9484648948	-75.1658053
798	39.9487664234	-75.2169698104
851	39.9451651	-75.1791734
578	39.9439544	-75.1692787
295	39.965573	-75.180969
16	39.9410364	-75.1608686
628	39.9554433	-75.1547889
707	39.9044484999	-75.1696318388
876	39.9538122	-75.2028403
69	39.9515773	-75.174834
426	39.9543751	-75.155929
57	39.950007	-75.1621577
156	39.919711	-75.1619599
734	39.9339252433	-75.1652430743
637	39.9806746	-75.1280968
551	40.0088924745	-75.1937016472
82	39.9518328	-75.173394
475	39.95001	-75.158862
777	39.9481446802	-75.1681833333
828	39.9491547	-75.1545837
152	39.9537172	-75.155701
0	39.9453393812	-75.1644544588
419	39.9550208	-75.2121474
671	39.9549030181	-75.1389125268
396	39.9519105	-75.1443815
55	40.0137038	-75.1926351
588	39.950249	-75.15983
579	39.9692358	-75.134788
202	39.9537127	-75.1434447561
664	40.0348466	-75.21703
680	40.026658	-75.2261204411
70	39.9469269	-75.1574453
420	39.949104	-75.164768
285	39.949579	-75.1553831
45	39.9559225	-75.15592
729	39.9426655675	-75.1520184428
6	39.9502275	-75.1668635
262	39.9512544989	-75.1666958386
138	39.9394117528	-75.1773281189
513	39.9602728	-75.1692394
367	39.9495667	-75.1623991
340	39.9418939	-75.1794584
341	39.9517805	-75.1729152
555	39.9774533	-75.1245282
196	39.931348	-75.166497
369	39.9500808	-75.1685265
359	39.949712	-75.209374
101	39.967534	-75.1760734
29	39.9550836837	-75.1552917273
112	39.9520434	-75.1756387
716	40.0152739	-75.2075673
610	39.9583587	-75.1953934
869	39.9499785	-75.1796522
191	39.9481128	-75.1536477
826	39.955872	-75.1725276
571	39.9374733	-75.1504451
654	39.9488980012	-75.1500296367
405	39.9504011	-75.1463684
855	39.951589543	-75.1698958678
423	39.9558813	-75.2020031
409	39.9622145	-75.1413898
300	39.9509073	-75.1723929
708	39.9517605	-75.1688792
217	39.948832	-75.144063
862	40.0924685	-74.9629393
276	39.9674815	-75.136957
430	39.950802	-75.1690105
368	39.956593	-75.160772
312	39.950323	-75.170538
763	39.9481782	-75.2168865
589	39.9499924	-75.1737316
782	39.951799	-75.178213
761	39.9689515	-75.134916
552	39.951353	-75.1634754
516	40.0726066	-75.0341246
223	39.9688472	-75.1369912
225	40.034015	-75.1718436
316	39.9529055	-75.204785
522	39.9540709	-75.1576818
344	40.025630123	-75.2234600857
752	39.9496989	-75.1441608
779	39.9394700802	-75.1711999252
59	39.9557715	-75.2016544
97	39.9481318	-75.153395
757	39.974356	-75.18016842
600	39.948212	-75.1455516
596	39.953274	-75.176587
762	39.9530218	-75.1675084
145	39.9142928	-75.1471501
375	39.9630919	-75.1709203
613	39.950215	-75.166346
821	39.9502973	-75.1601048
342	39.9520801	-75.1747619
651	39.9546606	-75.156606
220	39.9491548072	-75.1555580299
439	39.9646735	-75.1741002
841	39.9480853	-75.1429316
465	39.9506628	-75.1739332
394	39.9463542742	-75.1635259249
485	39.969035	-75.134557
471	39.9533432722	-75.2103484422
723	39.9603099077	-75.1554151252
305	39.957207	-75.1699827
414	39.954754	-75.156191
737	39.944064	-75.1676029
473	39.9349047	-75.1543101
173	39.9557218	-75.1567726
337	39.9568477	-75.1697412
719	39.9403662	-75.1508793
829	40.0074349	-75.2124437
244	39.95349	-75.156748
616	39.965141	-75.135429
374	39.9570188	-75.1758021
672	39.950125	-75.1587931
7	39.9532889	-75.1578543
286	40.0256009	-75.2234981
422	39.9437809	-75.1681729
85	39.9607160127	-75.1701319521
80	39.9288513959	-75.1521847471
247	39.954605	-75.156209
457	39.96414	-75.1405144
154	39.9615077	-75.1450865
836	39.9773029	-75.1436018
854	39.9516488	-75.1591482
416	39.9534618209	-75.1593213069
270	39.9613271	-75.1460328
299	39.9544058	-75.1900591
142	39.9645949	-75.1408296
267	39.9519308	-75.1704529
121	39.9481	-75.1535615
791	39.9542356	-75.2011919
865	39.9741163	-75.1821029
537	39.9472825	-75.1536278
481	39.9301356247	-75.162825
201	39.9506511	-75.1683346
449	39.9553444465	-75.1557137782
33	39.9414231194	-75.1524895976
597	39.9412384	-75.14467
376	39.9744402	-75.132947
717	39.9763544	-75.1374359
510	39.9444366	-75.1708063
814	39.94980301	-75.1686595265
67	39.9506592976	-75.1705476767
203	39.9440116	-75.1689925
673	39.940967	-75.1494532
22	39.9763680823	-75.1375425607
864	39.948408124	-75.1668265834
810	39.9406940077	-75.1459503023
686	39.9683684	-75.1726552
113	39.9502216	-75.166553
615	39.9335406	-75.1589076
812	39.9497563	-75.1480623
373	40.0359369248	-75.107954232
157	39.9496652299	-75.1532727008
8	39.9563482	-75.1747505
614	39.9425684	-75.1852973
893	39.9524637	-75.171228
591	39.9619653	-75.1739912
878	39.9527859999	-75.2121258353
890	39.9516409	-75.1557344
489	39.935354	-75.158801
807	39.9390238158	-75.1732082292
37	39.9440412	-75.1700197
46	39.9500001533	-75.1625513634
116	39.9297933	-75.1580422
328	39.9534173637	-75.1549591087
517	39.957553	-75.17403
462	39.948333	-75.174521
505	39.945245	-75.170511
325	39.9440110213	-75.1691403878
601	39.9826256	-75.1205402
630	39.9494557	-75.1619979
850	39.9688731	-75.133491
889	39.9487067926	-75.145394057
666	39.9485357745	-75.1630648523
421	39.95214	-75.1722162
162	39.941596	-75.1478101
888	39.9470334	-75.1574339
158	39.945722875	-75.1750066504
170	39.9483513654	-75.1666795343
576	39.926032	-75.1678
871	39.9502973	-75.1601048
212	39.953163	-75.159106
642	39.9430138231	-75.1588986479
234	40.026303576	-75.2255360669
528	39.9671254924	-75.1661240918
860	39.9399660086	-75.1577649178
243	39.9209022	-75.173679
844	39.9518087	-75.1692367
83	39.9323559	-75.1611077
503	39.9552705	-75.1566243
679	39.9537036	-75.1596916
838	39.9491987	-75.1618495
111	39.9477306374	-75.2227761947
604	39.9515214293	-75.1748099467
219	39.970471	-75.134725
688	39.960395	-75.169675
40	39.9559586568	-75.1906506718
634	39.930249	-75.163265
25	39.9500007	-75.146124
546	39.919628	-75.1713762
669	39.9518677	-75.171174
256	39.9484906	-75.1444675
2	39.951004	-75.170636
315	39.939989	-75.152854
740	39.926519	-75.14569
689	40.0291319	-75.2063122
178	39.9405063	-75.1545227
320	39.9451062	-75.1606111
213	39.9533084	-75.1564389
71	39.9520301	-75.1748960093
177	39.9495313759	-75.1621570259
35	39.9493695	-75.1675666
704	39.940805	-75.179773
23	39.9473272218	-75.1535421779
809	39.9721728775	-75.1346370578
126	39.9539294	-75.1432262
239	39.9284095243	-75.1632106304
280	39.9534392509	-75.1562077938
790	39.9581652	-75.1580495
508	39.93613	-75.15913
52	40.0794684018	-75.0253902955
17	39.955455	-75.154901
504	39.9484101	-75.174133
410	39.9673696	-75.1345292
266	39.948332	-75.166127
151	39.9803676	-75.1230344
168	39.9261812341	-75.1730921385
467	39.9703702755	-75.1795366775
395	39.9465577	-75.1805364
399	39.9477642	-75.1696977
137	39.9495566	-75.1617091
130	39.9372212861	-75.1628434626
663	39.945142	-75.179458
438	39.952402	-75.168211
574	39.948182	-75.1431548
764	39.9699452213	-75.1475351472
402	39.96350593	-75.1427820977
544	39.950759	-75.1748461
633	39.9447105351	-75.1749648217
133	39.9530717477	-75.1594193432
690	39.986116	-75.1065394
195	39.9445223204	-75.1727068683
839	39.9816738972	-75.1090306789
590	39.9670823	-75.1733028
603	39.9483933	-75.2215836
432	39.9323249	-75.1639891
819	39.9669206348	-75.1651801826
720	39.9551232973	-75.1681293836
147	39.9390394	-75.159227
768	39.9600847879	-75.1601659879
557	39.949479455	-75.1718883762
255	39.9484368	-75.162081
767	39.9485704	-75.1600722
355	39.9515435	-75.1650721
834	39.9698791	-75.160284
296	39.950201	-75.142285
250	39.9318715007	-75.1495001459
169	39.9563986	-75.1542873
756	39.9566244	-75.194425
417	39.960346	-75.159706
61	39.9516785914	-75.1757079913
670	39.9255095	-75.159212
155	39.9384274	-75.1561557
5	39.947787	-75.162293
415	39.9344521341	-75.1544015359
477	39.9532514327	-75.1680476591
795	39.9552832486	-75.1975534335
833	39.9625821369	-75.1356569678
349	39.9497118	-75.169361
48	39.9509564	-75.1654591
336	39.9550806	-75.1561748
180	39.9288976	-75.1644726699
189	39.9582109	-75.1731373822
497	39.9724323	-75.1410235
480	39.9542756	-75.2115951
435	39.9549627	-75.2118511
772	39.9546629	-75.156162
846	39.9482037845	-75.1593080163
645	39.9491082	-75.2135989
797	39.9547153584	-75.2020952851
14	39.9296616	-75.1634617
258	39.949130566	-75.1616937821
77	39.9522079227	-75.183563153
383	39.9573344402	-75.1915253645
832	39.953661	-75.165097
608	39.9521517	-75.1768973
108	39.9554005671	-75.1569010986
453	39.9529565	-75.1702986
592	39.94405	-75.16755
468	39.936492	-75.165011
226	39.9757885	-75.133938
568	39.9531200778	-75.1589835418
127	39.9302586	-75.1579964
20	39.9496993	-75.162185
215	39.9615500201	-75.141204568
627	39.94403	-75.16799
313	39.9792581	-75.1121554
302	39.9419643	-75.1513895
391	39.950247	-75.167598
277	39.9671988	-75.140984
831	39.9497563	-75.1480623
746	40.041592	-75.055007
676	39.9768423	-75.1277643
553	40.0735965366	-75.2026142093
199	39.9673315908	-75.1404441921
464	39.95347837	-75.1593960603
721	39.9442985881	-75.1595780792
811	39.9418004	-75.1522351
487	39.9332010583	-75.159265814
830	39.9413851	-75.1503311
380	39.9552705	-75.1566319
176	39.9559497	-75.1571603
104	40.0550205	-75.1260334
495	39.9506847	-75.173394
545	39.9536815	-75.1554273
800	39.9494916	-75.1739356
115	39.9483920508	-75.1653502258
365	39.944043	-75.1695127
143	39.9514103	-75.1706011
494	39.9545950448	-75.1951047019
289	39.9495931	-75.1739148
99	39.970799	-75.134989433
429	39.948524	-75.1437297
512	39.949638	-75.170671
254	39.9553922	-75.1546977
326	39.948896	-75.1611319
611	39.9568639964	-75.2104099153
533	39.9408607	-75.1589045
329	39.953486	-75.156575
496	39.9378379	-75.1594805
64	39.9471698	-75.1594404
470	39.9535536	-75.1931768
488	39.9688395	-75.1351413
229	40.025762	-75.223853
765	39.9472463	-75.1615494
543	39.9674016	-75.1411529
754	39.9546911	-75.202183
245	39.950168	-75.162607
192	39.942855	-75.157207
602	39.9620692	-75.1566814
741	39.9522045	-75.1695409
565	39.9631199	-75.1443796
232	39.9677290083	-75.1406717064
694	39.929019	-75.164705
556	39.9674367	-75.1673635
132	39.9548321	-75.1558378
107	39.9498493	-75.1615489
90	39.955365	-75.156627
124	39.9555142	-75.1569404
711	40.076318	-75.206295
646	39.9533865861	-75.1593522209
466	39.9485666341	-75.157169
183	39.9521221	-75.1720791
570	40.0255165	-75.2240968
897	39.9592359	-75.1617433
684	39.967128	-75.172378
518	39.953807711	-75.1586299373
459	39.9535171	-75.1926364399
655	39.9379512	-75.158238
318	39.9502654002	-75.1636850461
770	40.034328	-75.216551
506	39.936536	-75.17375
732	39.95321	-75.159409
271	39.958286331	-75.1742810459
425	39.9512256328	-75.1737892628
159	39.9490512	-75.159888
643	39.9485847	-75.1744427
785	39.9529111355	-75.1690678907
786	39.977917792	-75.1294140734
647	39.951988	-75.199123
534	39.942897	-75.157883
447	39.955072408	-75.2024777935
580	39.968652	-75.1341591351
898	39.9495994	-75.1613278
358	39.929015	-75.1517365
411	39.9464884	-75.1595772
412	39.948706	-75.142687
204	39.9489487	-75.1695317
492	39.929485321	-75.1613769531
868	39.9711852	-75.1352505
509	39.9572977379	-75.1920437233
857	39.955207	-75.199809
700	39.951057	-75.1984762
446	39.954973	-75.200154
53	39.9489186	-75.1471667
748	39.9792137	-75.1609908
697	39.941209	-75.144858
424	39.9430020477	-75.1451513171
164	39.9530183899	-75.1594000959
100	39.9491828858	-75.165957
404	39.9464996	-75.1617652
618	39.9343869	-75.1589957
297	39.9506134672	-75.1636080327
292	39.9535213	-75.1597442
738	39.9546873	-75.1495017
881	39.951593	-75.172171
166	39.9508908	-75.1587593
843	39.9515319	-75.2033034
128	39.9380805	-75.1465231
531	39.9505718077	-75.1657929609
760	39.9532043995	-75.1591792703
703	39.927457	-75.166521
827	39.9550104	-75.1561342
24	39.953764	-75.159218
433	39.93725004	-75.1771098375
750	40.0232596	-75.2077483
43	39.9497020026	-75.1617702842
102	39.9521034288	-75.174737909
125	39.929905	-75.1629415813
36	39.9280846	-75.1652545
687	39.9486488	-75.1446305
883	39.954995	-75.170789
448	39.950289	-75.150852
308	39.9498657277	-75.1733916253
263	39.9531593	-75.1590984
332	39.9387523	-75.1740837
74	39.949621	-75.165252
484	39.953511	-75.18839
450	39.9535194938	-75.1448114998
599	39.9362435	-75.15667
886	39.955307	-75.171122
636	39.9448916	-75.1654997
49	39.9211192555	-75.1632766118
575	39.9469051201	-75.1440923726
222	39.9547768017	-75.1726724432
678	39.9673313	-75.1658216
621	39.936139	-75.158194
317	39.964395	-75.161227
825	39.9822216	-75.1281087
593	39.9556166133	-75.1989265346
441	39.9488295	-75.1663147
872	39.9530971	-75.1673521
705	39.920208058	-75.1417470431
347	39.9507508655	-75.1682812761
34	39.947701	-75.1682869
13	39.941969	-75.154207
62	39.9614570819	-75.1541474462
381	39.9567961	-75.208836
823	39.93245	-75.14619
304	39.878166	-75.237845
712	40.025053	-75.2220736
882	40.0337825	-75.2158399
479	39.9485257778	-75.143727802
434	39.9419625269	-75.1492561027
769	39.933915999999996	-75.1555299
188	39.9263553	-75.1689367
486	39.969439	-75.134647
859	39.949778	-75.1621538401
235	39.953970773500004	-75.1960369886
747	39.9502943	-75.150981
880	39.950613	-75.175916
338	39.945195	-75.161082
894	39.9497935036	-75.160552
847	39.9406127199	-75.1475720108
539	39.950845	-75.167422
206	39.9533414645	-75.1588545174
311	39.9502972	-75.1661556
91	39.936093	-75.1586309
351	39.9491761	-75.159714
309	39.9491000076	-75.1661748827
520	39.950352	-75.1615829
623	39.971548	-75.144505
853	39.95518	-75.155571
117	39.9501744	-75.1659335862
702	39.9784134463	-75.157349919
742	39.969257999999996	-75.1339582
658	39.9605399867	-75.1725628227
848	39.9406517812	-75.1576136221
820	39.955061	-75.170196
208	40.1332476903	-75.00988
153	39.949589	-75.14391
406	39.9565494	-75.1558606
253	39.9533293867	-75.1685943592
776	39.9333293182	-75.1620284468
264	39.963948	-75.144364
787	39.9412618963	-75.1473250317
377	39.9363134	-75.1468993
44	39.9495617	-75.1428765
148	39.953229	-75.156582
54	39.9497760472	-75.1604597172
96	39.9286739096	-75.1650932751
38	39.9479310476	-75.1614279837
724	39.9308275	-75.1620441
789	39.9477682202	-75.1601715512
501	39.9630709056	-75.164270103
356	39.9310290651	-75.1618253846
635	39.954813	-75.156315
682	39.9699745	-75.1302068
135	39.971709	-75.135062
875	39.9552982	-75.1545039
835	39.9504997	-75.166696
179	39.9481225533	-75.1624631121
319	39.95393	-75.1544914
9	40.022471	-75.2188
350	39.948937	-75.1759543
348	39.9526544759	-75.1739307893
572	39.9495961	-75.1611276
665	39.9675505	-75.1771216
171	39.9620061691	-75.1409495595
877	39.9252048865	-75.1747277007
197	39.954178	-75.17598
